	(9-10)-1.0	(9-10)-2.0	(9-10)-3.0	(9-10)-4.0	(9-10)-5.0	(9-10)-6.0	(9-10)-7.0	(9-10)-8.0	(9-10)-9.0	(9-10)-10.0	(9-10)-11.0	(9-10)-12.0	(9-10)-13.0	(9-10)-14.0	(9-10)-15.0	(9-10)-16.0	(9-10)-17.0	(9-10)-18.0
1.0	0.9817565020283863	4.999600031997438e-06	4.999600031997438e-06	4.999600031997438e-06	4.999600031997438e-06	4.999600031997438e-06	4.999600031997438e-06	4.999600031997438e-06	4.999600031997438e-06	4.999600031997438e-06	4.999600031997438e-06	4.999600031997438e-06	4.999600031997438e-06	4.999600031997438e-06	4.999600031997438e-06	4.999600031997438e-06	4.999600031997438e-06	0.01816350437110132
2.0	2.4998937545154373e-06	0.9999575018061748	2.4998937545154373e-06	2.4998937545154373e-06	2.4998937545154373e-06	2.4998937545154373e-06	2.4998937545154373e-06	2.4998937545154373e-06	2.4998937545154373e-06	2.4998937545154373e-06	2.4998937545154373e-06	2.4998937545154373e-06	2.4998937545154373e-06	2.4998937545154373e-06	2.4998937545154373e-06	2.4998937545154373e-06	2.4998937545154373e-06	2.4998937545154373e-06
3.0	4.999575036121927e-06	4.999575036121927e-06	0.9999150072243854	4.999575036121927e-06	4.999575036121927e-06	4.999575036121927e-06	4.999575036121927e-06	4.999575036121927e-06	4.999575036121927e-06	4.999575036121927e-06	4.999575036121927e-06	4.999575036121927e-06	4.999575036121927e-06	4.999575036121927e-06	4.999575036121927e-06	4.999575036121927e-06	4.999575036121927e-06	4.999575036121927e-06
4.0	0.05555555555555556	0.05555555555555556	0.05555555555555556	0.05555555555555556	0.05555555555555556	0.05555555555555556	0.05555555555555556	0.05555555555555556	0.05555555555555556	0.05555555555555556	0.05555555555555556	0.05555555555555556	0.05555555555555556	0.05555555555555556	0.05555555555555556	0.05555555555555556	0.05555555555555556	0.05555555555555556
5.0	0.05555555555555556	0.05555555555555556	0.05555555555555556	0.05555555555555556	0.05555555555555556	0.05555555555555556	0.05555555555555556	0.05555555555555556	0.05555555555555556	0.05555555555555556	0.05555555555555556	0.05555555555555556	0.05555555555555556	0.05555555555555556	0.05555555555555556	0.05555555555555556	0.05555555555555556	0.05555555555555556
6.0	0.05555555555555556	0.05555555555555556	0.05555555555555556	0.05555555555555556	0.05555555555555556	0.05555555555555556	0.05555555555555556	0.05555555555555556	0.05555555555555556	0.05555555555555556	0.05555555555555556	0.05555555555555556	0.05555555555555556	0.05555555555555556	0.05555555555555556	0.05555555555555556	0.05555555555555556	0.05555555555555556
7.0	0.05555555555555556	0.05555555555555556	0.05555555555555556	0.05555555555555556	0.05555555555555556	0.05555555555555556	0.05555555555555556	0.05555555555555556	0.05555555555555556	0.05555555555555556	0.05555555555555556	0.05555555555555556	0.05555555555555556	0.05555555555555556	0.05555555555555556	0.05555555555555556	0.05555555555555556	0.05555555555555556
8.0	0.05555555555555556	0.05555555555555556	0.05555555555555556	0.05555555555555556	0.05555555555555556	0.05555555555555556	0.05555555555555556	0.05555555555555556	0.05555555555555556	0.05555555555555556	0.05555555555555556	0.05555555555555556	0.05555555555555556	0.05555555555555556	0.05555555555555556	0.05555555555555556	0.05555555555555556	0.05555555555555556
9.0	0.05555555555555556	0.05555555555555556	0.05555555555555556	0.05555555555555556	0.05555555555555556	0.05555555555555556	0.05555555555555556	0.05555555555555556	0.05555555555555556	0.05555555555555556	0.05555555555555556	0.05555555555555556	0.05555555555555556	0.05555555555555556	0.05555555555555556	0.05555555555555556	0.05555555555555556	0.05555555555555556
10.0	0.05555555555555556	0.05555555555555556	0.05555555555555556	0.05555555555555556	0.05555555555555556	0.05555555555555556	0.05555555555555556	0.05555555555555556	0.05555555555555556	0.05555555555555556	0.05555555555555556	0.05555555555555556	0.05555555555555556	0.05555555555555556	0.05555555555555556	0.05555555555555556	0.05555555555555556	0.05555555555555556
11.0	0.05555555555555556	0.05555555555555556	0.05555555555555556	0.05555555555555556	0.05555555555555556	0.05555555555555556	0.05555555555555556	0.05555555555555556	0.05555555555555556	0.05555555555555556	0.05555555555555556	0.05555555555555556	0.05555555555555556	0.05555555555555556	0.05555555555555556	0.05555555555555556	0.05555555555555556	0.05555555555555556
12.0	0.05555555555555556	0.05555555555555556	0.05555555555555556	0.05555555555555556	0.05555555555555556	0.05555555555555556	0.05555555555555556	0.05555555555555556	0.05555555555555556	0.05555555555555556	0.05555555555555556	0.05555555555555556	0.05555555555555556	0.05555555555555556	0.05555555555555556	0.05555555555555556	0.05555555555555556	0.05555555555555556
13.0	0.05555555555555556	0.05555555555555556	0.05555555555555556	0.05555555555555556	0.05555555555555556	0.05555555555555556	0.05555555555555556	0.05555555555555556	0.05555555555555556	0.05555555555555556	0.05555555555555556	0.05555555555555556	0.05555555555555556	0.05555555555555556	0.05555555555555556	0.05555555555555556	0.05555555555555556	0.05555555555555556
14.0	0.05555555555555556	0.05555555555555556	0.05555555555555556	0.05555555555555556	0.05555555555555556	0.05555555555555556	0.05555555555555556	0.05555555555555556	0.05555555555555556	0.05555555555555556	0.05555555555555556	0.05555555555555556	0.05555555555555556	0.05555555555555556	0.05555555555555556	0.05555555555555556	0.05555555555555556	0.05555555555555556
15.0	9.998300288950877e-06	9.998300288950877e-06	9.998300288950877e-06	9.998300288950877e-06	9.998300288950877e-06	9.998300288950877e-06	9.998300288950877e-06	9.998300288950877e-06	9.998300288950877e-06	9.998300288950877e-06	9.998300288950877e-06	9.998300288950877e-06	9.998300288950877e-06	9.998300288950877e-06	0.9998300288950877	9.998300288950877e-06	9.998300288950877e-06	9.998300288950877e-06
16.0	1.6517666818347692e-05	1.6517666818347692e-05	1.6517666818347692e-05	1.6517666818347692e-05	1.6517666818347692e-05	1.6517666818347692e-05	1.6517666818347692e-05	1.6517666818347692e-05	1.6517666818347692e-05	1.6517666818347692e-05	1.6517666818347692e-05	1.6517666818347692e-05	1.6517666818347692e-05	1.6517666818347692e-05	1.6517666818347692e-05	1.6517666818347692e-05	0.9997191996640881	1.6517666818347692e-05
17.0	2.5321095622096918e-05	2.5321095622096918e-05	2.5321095622096918e-05	2.5321095622096918e-05	2.5321095622096918e-05	2.5321095622096918e-05	2.5321095622096918e-05	2.5321095622096918e-05	2.5321095622096918e-05	2.5321095622096918e-05	2.5321095622096918e-05	2.5321095622096918e-05	2.5321095622096918e-05	2.5321095622096918e-05	2.5321095622096918e-05	2.5321095622096918e-05	0.9995695413744243	2.5321095622096918e-05
18.0	0.05555555555555556	0.05555555555555556	0.05555555555555556	0.05555555555555556	0.05555555555555556	0.05555555555555556	0.05555555555555556	0.05555555555555556	0.05555555555555556	0.05555555555555556	0.05555555555555556	0.05555555555555556	0.05555555555555556	0.05555555555555556	0.05555555555555556	0.05555555555555556	0.05555555555555556	0.05555555555555556
