	(15-16)-1.0	(15-16)-2.0	(15-16)-3.0	(15-16)-4.0	(15-16)-5.0	(15-16)-6.0	(15-16)-7.0	(15-16)-8.0	(15-16)-9.0	(15-16)-10.0	(15-16)-11.0	(15-16)-12.0	(15-16)-13.0	(15-16)-14.0	(15-16)-15.0	(15-16)-16.0	(15-16)-17.0	(15-16)-18.0	(15-16)-19.0	(15-16)-20.0	(15-16)-21.0
1.0	0.04761904761904762	0.04761904761904762	0.04761904761904762	0.04761904761904762	0.04761904761904762	0.04761904761904762	0.04761904761904762	0.04761904761904762	0.04761904761904762	0.04761904761904762	0.04761904761904762	0.04761904761904762	0.04761904761904762	0.04761904761904762	0.04761904761904762	0.04761904761904762	0.04761904761904762	0.04761904761904762	0.04761904761904762	0.04761904761904762	0.04761904761904762
2.0	0.00013477088948787074	0.00013477088948787074	0.00013477088948787074	0.00013477088948787074	0.9973045822102434	0.00013477088948787074	0.00013477088948787074	0.00013477088948787074	0.00013477088948787074	0.00013477088948787074	0.00013477088948787074	0.00013477088948787074	0.00013477088948787074	0.00013477088948787074	0.00013477088948787074	0.00013477088948787074	0.00013477088948787074	0.00013477088948787074	0.00013477088948787074	0.00013477088948787074	0.00013477088948787074
3.0	0.04761904761904762	0.04761904761904762	0.04761904761904762	0.04761904761904762	0.04761904761904762	0.04761904761904762	0.04761904761904762	0.04761904761904762	0.04761904761904762	0.04761904761904762	0.04761904761904762	0.04761904761904762	0.04761904761904762	0.04761904761904762	0.04761904761904762	0.04761904761904762	0.04761904761904762	0.04761904761904762	0.04761904761904762	0.04761904761904762	0.04761904761904762
4.0	1.0796804145972802e-05	1.0796804145972802e-05	1.0796804145972802e-05	1.0796804145972802e-05	0.9997840639170813	1.0796804145972802e-05	1.0796804145972802e-05	1.0796804145972802e-05	1.0796804145972802e-05	1.0796804145972802e-05	1.0796804145972802e-05	1.0796804145972802e-05	1.0796804145972802e-05	1.0796804145972802e-05	1.0796804145972802e-05	1.0796804145972802e-05	1.0796804145972802e-05	1.0796804145972802e-05	1.0796804145972802e-05	1.0796804145972802e-05	1.0796804145972802e-05
5.0	3.3331111259249375e-06	3.3331111259249375e-06	3.3331111259249375e-06	3.3331111259249375e-06	0.9999333377774812	3.3331111259249375e-06	3.3331111259249375e-06	3.3331111259249375e-06	3.3331111259249375e-06	3.3331111259249375e-06	3.3331111259249375e-06	3.3331111259249375e-06	3.3331111259249375e-06	3.3331111259249375e-06	3.3331111259249375e-06	3.3331111259249375e-06	3.3331111259249375e-06	3.3331111259249375e-06	3.3331111259249375e-06	3.3331111259249375e-06	3.3331111259249375e-06
6.0	1.1998464196582849e-05	1.1998464196582849e-05	1.1998464196582849e-05	1.1998464196582849e-05	0.714153487624909	1.1998464196582849e-05	1.1998464196582849e-05	0.28561854155535665	1.1998464196582849e-05	1.1998464196582849e-05	1.1998464196582849e-05	1.1998464196582849e-05	1.1998464196582849e-05	1.1998464196582849e-05	1.1998464196582849e-05	1.1998464196582849e-05	1.1998464196582849e-05	1.1998464196582849e-05	1.1998464196582849e-05	1.1998464196582849e-05	1.1998464196582849e-05
7.0	5.990176111177665e-05	5.990176111177665e-05	5.990176111177665e-05	5.990176111177665e-05	0.7135033435863849	5.990176111177665e-05	5.990176111177665e-05	0.2853585229524906	5.990176111177665e-05	5.990176111177665e-05	5.990176111177665e-05	5.990176111177665e-05	5.990176111177665e-05	5.990176111177665e-05	5.990176111177665e-05	5.990176111177665e-05	5.990176111177665e-05	5.990176111177665e-05	5.990176111177665e-05	5.990176111177665e-05	5.990176111177665e-05
8.0	0.04761904761904762	0.04761904761904762	0.04761904761904762	0.04761904761904762	0.04761904761904762	0.04761904761904762	0.04761904761904762	0.04761904761904762	0.04761904761904762	0.04761904761904762	0.04761904761904762	0.04761904761904762	0.04761904761904762	0.04761904761904762	0.04761904761904762	0.04761904761904762	0.04761904761904762	0.04761904761904762	0.04761904761904762	0.04761904761904762	0.04761904761904762
9.0	0.04761904761904762	0.04761904761904762	0.04761904761904762	0.04761904761904762	0.04761904761904762	0.04761904761904762	0.04761904761904762	0.04761904761904762	0.04761904761904762	0.04761904761904762	0.04761904761904762	0.04761904761904762	0.04761904761904762	0.04761904761904762	0.04761904761904762	0.04761904761904762	0.04761904761904762	0.04761904761904762	0.04761904761904762	0.04761904761904762	0.04761904761904762
10.0	0.04761904761904762	0.04761904761904762	0.04761904761904762	0.04761904761904762	0.04761904761904762	0.04761904761904762	0.04761904761904762	0.04761904761904762	0.04761904761904762	0.04761904761904762	0.04761904761904762	0.04761904761904762	0.04761904761904762	0.04761904761904762	0.04761904761904762	0.04761904761904762	0.04761904761904762	0.04761904761904762	0.04761904761904762	0.04761904761904762	0.04761904761904762
11.0	0.04761904761904762	0.04761904761904762	0.04761904761904762	0.04761904761904762	0.04761904761904762	0.04761904761904762	0.04761904761904762	0.04761904761904762	0.04761904761904762	0.04761904761904762	0.04761904761904762	0.04761904761904762	0.04761904761904762	0.04761904761904762	0.04761904761904762	0.04761904761904762	0.04761904761904762	0.04761904761904762	0.04761904761904762	0.04761904761904762	0.04761904761904762
12.0	0.04761904761904762	0.04761904761904762	0.04761904761904762	0.04761904761904762	0.04761904761904762	0.04761904761904762	0.04761904761904762	0.04761904761904762	0.04761904761904762	0.04761904761904762	0.04761904761904762	0.04761904761904762	0.04761904761904762	0.04761904761904762	0.04761904761904762	0.04761904761904762	0.04761904761904762	0.04761904761904762	0.04761904761904762	0.04761904761904762	0.04761904761904762
13.0	0.04761904761904762	0.04761904761904762	0.04761904761904762	0.04761904761904762	0.04761904761904762	0.04761904761904762	0.04761904761904762	0.04761904761904762	0.04761904761904762	0.04761904761904762	0.04761904761904762	0.04761904761904762	0.04761904761904762	0.04761904761904762	0.04761904761904762	0.04761904761904762	0.04761904761904762	0.04761904761904762	0.04761904761904762	0.04761904761904762	0.04761904761904762
14.0	0.04761904761904762	0.04761904761904762	0.04761904761904762	0.04761904761904762	0.04761904761904762	0.04761904761904762	0.04761904761904762	0.04761904761904762	0.04761904761904762	0.04761904761904762	0.04761904761904762	0.04761904761904762	0.04761904761904762	0.04761904761904762	0.04761904761904762	0.04761904761904762	0.04761904761904762	0.04761904761904762	0.04761904761904762	0.04761904761904762	0.04761904761904762
15.0	0.04761904761904762	0.04761904761904762	0.04761904761904762	0.04761904761904762	0.04761904761904762	0.04761904761904762	0.04761904761904762	0.04761904761904762	0.04761904761904762	0.04761904761904762	0.04761904761904762	0.04761904761904762	0.04761904761904762	0.04761904761904762	0.04761904761904762	0.04761904761904762	0.04761904761904762	0.04761904761904762	0.04761904761904762	0.04761904761904762	0.04761904761904762
16.0	0.04761904761904762	0.04761904761904762	0.04761904761904762	0.04761904761904762	0.04761904761904762	0.04761904761904762	0.04761904761904762	0.04761904761904762	0.04761904761904762	0.04761904761904762	0.04761904761904762	0.04761904761904762	0.04761904761904762	0.04761904761904762	0.04761904761904762	0.04761904761904762	0.04761904761904762	0.04761904761904762	0.04761904761904762	0.04761904761904762	0.04761904761904762
17.0	0.04761904761904762	0.04761904761904762	0.04761904761904762	0.04761904761904762	0.04761904761904762	0.04761904761904762	0.04761904761904762	0.04761904761904762	0.04761904761904762	0.04761904761904762	0.04761904761904762	0.04761904761904762	0.04761904761904762	0.04761904761904762	0.04761904761904762	0.04761904761904762	0.04761904761904762	0.04761904761904762	0.04761904761904762	0.04761904761904762	0.04761904761904762
18.0	0.04761904761904762	0.04761904761904762	0.04761904761904762	0.04761904761904762	0.04761904761904762	0.04761904761904762	0.04761904761904762	0.04761904761904762	0.04761904761904762	0.04761904761904762	0.04761904761904762	0.04761904761904762	0.04761904761904762	0.04761904761904762	0.04761904761904762	0.04761904761904762	0.04761904761904762	0.04761904761904762	0.04761904761904762	0.04761904761904762	0.04761904761904762
19.0	0.04761904761904762	0.04761904761904762	0.04761904761904762	0.04761904761904762	0.04761904761904762	0.04761904761904762	0.04761904761904762	0.04761904761904762	0.04761904761904762	0.04761904761904762	0.04761904761904762	0.04761904761904762	0.04761904761904762	0.04761904761904762	0.04761904761904762	0.04761904761904762	0.04761904761904762	0.04761904761904762	0.04761904761904762	0.04761904761904762	0.04761904761904762
20.0	0.04761904761904762	0.04761904761904762	0.04761904761904762	0.04761904761904762	0.04761904761904762	0.04761904761904762	0.04761904761904762	0.04761904761904762	0.04761904761904762	0.04761904761904762	0.04761904761904762	0.04761904761904762	0.04761904761904762	0.04761904761904762	0.04761904761904762	0.04761904761904762	0.04761904761904762	0.04761904761904762	0.04761904761904762	0.04761904761904762	0.04761904761904762
21.0	0.04761904761904762	0.04761904761904762	0.04761904761904762	0.04761904761904762	0.04761904761904762	0.04761904761904762	0.04761904761904762	0.04761904761904762	0.04761904761904762	0.04761904761904762	0.04761904761904762	0.04761904761904762	0.04761904761904762	0.04761904761904762	0.04761904761904762	0.04761904761904762	0.04761904761904762	0.04761904761904762	0.04761904761904762	0.04761904761904762	0.04761904761904762
