	(18-19)-1.0	(18-19)-2.0	(18-19)-3.0	(18-19)-4.0	(18-19)-5.0	(18-19)-6.0	(18-19)-7.0	(18-19)-8.0	(18-19)-9.0	(18-19)-10.0	(18-19)-11.0	(18-19)-12.0	(18-19)-13.0	(18-19)-14.0	(18-19)-15.0	(18-19)-16.0	(18-19)-17.0	(18-19)-18.0	(18-19)-19.0	(18-19)-20.0	(18-19)-21.0	(18-19)-22.0	(18-19)-23.0	(18-19)-24.0	(18-19)-25.0	(18-19)-26.0	(18-19)-27.0
1.0	0.037037037037037035	0.037037037037037035	0.037037037037037035	0.037037037037037035	0.037037037037037035	0.037037037037037035	0.037037037037037035	0.037037037037037035	0.037037037037037035	0.037037037037037035	0.037037037037037035	0.037037037037037035	0.037037037037037035	0.037037037037037035	0.037037037037037035	0.037037037037037035	0.037037037037037035	0.037037037037037035	0.037037037037037035	0.037037037037037035	0.037037037037037035	0.037037037037037035	0.037037037037037035	0.037037037037037035	0.037037037037037035	0.037037037037037035	0.037037037037037035
2.0	0.037037037037037035	0.037037037037037035	0.037037037037037035	0.037037037037037035	0.037037037037037035	0.037037037037037035	0.037037037037037035	0.037037037037037035	0.037037037037037035	0.037037037037037035	0.037037037037037035	0.037037037037037035	0.037037037037037035	0.037037037037037035	0.037037037037037035	0.037037037037037035	0.037037037037037035	0.037037037037037035	0.037037037037037035	0.037037037037037035	0.037037037037037035	0.037037037037037035	0.037037037037037035	0.037037037037037035	0.037037037037037035	0.037037037037037035	0.037037037037037035
3.0	9.997400675824272e-06	9.997400675824272e-06	0.9997400675824271	9.997400675824272e-06	9.997400675824272e-06	9.997400675824272e-06	9.997400675824272e-06	9.997400675824272e-06	9.997400675824272e-06	9.997400675824272e-06	9.997400675824272e-06	9.997400675824272e-06	9.997400675824272e-06	9.997400675824272e-06	9.997400675824272e-06	9.997400675824272e-06	9.997400675824272e-06	9.997400675824272e-06	9.997400675824272e-06	9.997400675824272e-06	9.997400675824272e-06	9.997400675824272e-06	9.997400675824272e-06	9.997400675824272e-06	9.997400675824272e-06	9.997400675824272e-06	9.997400675824272e-06
4.0	0.037037037037037035	0.037037037037037035	0.037037037037037035	0.037037037037037035	0.037037037037037035	0.037037037037037035	0.037037037037037035	0.037037037037037035	0.037037037037037035	0.037037037037037035	0.037037037037037035	0.037037037037037035	0.037037037037037035	0.037037037037037035	0.037037037037037035	0.037037037037037035	0.037037037037037035	0.037037037037037035	0.037037037037037035	0.037037037037037035	0.037037037037037035	0.037037037037037035	0.037037037037037035	0.037037037037037035	0.037037037037037035	0.037037037037037035	0.037037037037037035
5.0	0.037037037037037035	0.037037037037037035	0.037037037037037035	0.037037037037037035	0.037037037037037035	0.037037037037037035	0.037037037037037035	0.037037037037037035	0.037037037037037035	0.037037037037037035	0.037037037037037035	0.037037037037037035	0.037037037037037035	0.037037037037037035	0.037037037037037035	0.037037037037037035	0.037037037037037035	0.037037037037037035	0.037037037037037035	0.037037037037037035	0.037037037037037035	0.037037037037037035	0.037037037037037035	0.037037037037037035	0.037037037037037035	0.037037037037037035	0.037037037037037035
6.0	2.3303605778171257e-06	2.3303605778171257e-06	0.4738593105841761	2.3303605778171257e-06	2.3303605778171257e-06	2.3303605778171257e-06	2.3303605778171257e-06	0.15887377814406364	2.3303605778171257e-06	0.21048563608810764	2.3303605778171257e-06	0.04350909288023369	2.3303605778171257e-06	2.3303605778171257e-06	2.3303605778171257e-06	2.3303605778171257e-06	2.3303605778171257e-06	2.3303605778171257e-06	2.3303605778171257e-06	2.3303605778171257e-06	2.3303605778171257e-06	2.3303605778171257e-06	2.3303605778171257e-06	2.3303605778171257e-06	0.11322091437070686	2.3303605778171257e-06	2.3303605778171257e-06
7.0	1.3422246876157837e-05	1.3422246876157837e-05	0.21219718309942784	1.3422246876157837e-05	1.3422246876157837e-05	1.3422246876157837e-05	1.3422246876157837e-05	0.427154679696651	1.3422246876157837e-05	0.12988433207042613	1.3422246876157837e-05	0.02891767961886891	1.3422246876157837e-05	1.3422246876157837e-05	1.3422246876157837e-05	1.3422246876157837e-05	1.3422246876157837e-05	1.3422246876157837e-05	1.3422246876157837e-05	1.3422246876157837e-05	1.3422246876157837e-05	1.3422246876157837e-05	1.3422246876157837e-05	0.04802903853264106	0.1535352197975866	1.3422246876157837e-05	1.3422246876157837e-05
8.0	0.037037037037037035	0.037037037037037035	0.037037037037037035	0.037037037037037035	0.037037037037037035	0.037037037037037035	0.037037037037037035	0.037037037037037035	0.037037037037037035	0.037037037037037035	0.037037037037037035	0.037037037037037035	0.037037037037037035	0.037037037037037035	0.037037037037037035	0.037037037037037035	0.037037037037037035	0.037037037037037035	0.037037037037037035	0.037037037037037035	0.037037037037037035	0.037037037037037035	0.037037037037037035	0.037037037037037035	0.037037037037037035	0.037037037037037035	0.037037037037037035
9.0	0.037037037037037035	0.037037037037037035	0.037037037037037035	0.037037037037037035	0.037037037037037035	0.037037037037037035	0.037037037037037035	0.037037037037037035	0.037037037037037035	0.037037037037037035	0.037037037037037035	0.037037037037037035	0.037037037037037035	0.037037037037037035	0.037037037037037035	0.037037037037037035	0.037037037037037035	0.037037037037037035	0.037037037037037035	0.037037037037037035	0.037037037037037035	0.037037037037037035	0.037037037037037035	0.037037037037037035	0.037037037037037035	0.037037037037037035	0.037037037037037035
10.0	0.037037037037037035	0.037037037037037035	0.037037037037037035	0.037037037037037035	0.037037037037037035	0.037037037037037035	0.037037037037037035	0.037037037037037035	0.037037037037037035	0.037037037037037035	0.037037037037037035	0.037037037037037035	0.037037037037037035	0.037037037037037035	0.037037037037037035	0.037037037037037035	0.037037037037037035	0.037037037037037035	0.037037037037037035	0.037037037037037035	0.037037037037037035	0.037037037037037035	0.037037037037037035	0.037037037037037035	0.037037037037037035	0.037037037037037035	0.037037037037037035
11.0	0.037037037037037035	0.037037037037037035	0.037037037037037035	0.037037037037037035	0.037037037037037035	0.037037037037037035	0.037037037037037035	0.037037037037037035	0.037037037037037035	0.037037037037037035	0.037037037037037035	0.037037037037037035	0.037037037037037035	0.037037037037037035	0.037037037037037035	0.037037037037037035	0.037037037037037035	0.037037037037037035	0.037037037037037035	0.037037037037037035	0.037037037037037035	0.037037037037037035	0.037037037037037035	0.037037037037037035	0.037037037037037035	0.037037037037037035	0.037037037037037035
12.0	9.99750062484378e-06	9.99750062484378e-06	0.33331667083229155	9.99750062484378e-06	9.99750062484378e-06	9.99750062484378e-06	9.99750062484378e-06	9.99750062484378e-06	9.99750062484378e-06	9.99750062484378e-06	9.99750062484378e-06	0.6664333916520863	9.99750062484378e-06	9.99750062484378e-06	9.99750062484378e-06	9.99750062484378e-06	9.99750062484378e-06	9.99750062484378e-06	9.99750062484378e-06	9.99750062484378e-06	9.99750062484378e-06	9.99750062484378e-06	9.99750062484378e-06	9.99750062484378e-06	9.99750062484378e-06	9.99750062484378e-06	9.99750062484378e-06
13.0	0.037037037037037035	0.037037037037037035	0.037037037037037035	0.037037037037037035	0.037037037037037035	0.037037037037037035	0.037037037037037035	0.037037037037037035	0.037037037037037035	0.037037037037037035	0.037037037037037035	0.037037037037037035	0.037037037037037035	0.037037037037037035	0.037037037037037035	0.037037037037037035	0.037037037037037035	0.037037037037037035	0.037037037037037035	0.037037037037037035	0.037037037037037035	0.037037037037037035	0.037037037037037035	0.037037037037037035	0.037037037037037035	0.037037037037037035	0.037037037037037035
14.0	0.037037037037037035	0.037037037037037035	0.037037037037037035	0.037037037037037035	0.037037037037037035	0.037037037037037035	0.037037037037037035	0.037037037037037035	0.037037037037037035	0.037037037037037035	0.037037037037037035	0.037037037037037035	0.037037037037037035	0.037037037037037035	0.037037037037037035	0.037037037037037035	0.037037037037037035	0.037037037037037035	0.037037037037037035	0.037037037037037035	0.037037037037037035	0.037037037037037035	0.037037037037037035	0.037037037037037035	0.037037037037037035	0.037037037037037035	0.037037037037037035
15.0	0.037037037037037035	0.037037037037037035	0.037037037037037035	0.037037037037037035	0.037037037037037035	0.037037037037037035	0.037037037037037035	0.037037037037037035	0.037037037037037035	0.037037037037037035	0.037037037037037035	0.037037037037037035	0.037037037037037035	0.037037037037037035	0.037037037037037035	0.037037037037037035	0.037037037037037035	0.037037037037037035	0.037037037037037035	0.037037037037037035	0.037037037037037035	0.037037037037037035	0.037037037037037035	0.037037037037037035	0.037037037037037035	0.037037037037037035	0.037037037037037035
16.0	0.037037037037037035	0.037037037037037035	0.037037037037037035	0.037037037037037035	0.037037037037037035	0.037037037037037035	0.037037037037037035	0.037037037037037035	0.037037037037037035	0.037037037037037035	0.037037037037037035	0.037037037037037035	0.037037037037037035	0.037037037037037035	0.037037037037037035	0.037037037037037035	0.037037037037037035	0.037037037037037035	0.037037037037037035	0.037037037037037035	0.037037037037037035	0.037037037037037035	0.037037037037037035	0.037037037037037035	0.037037037037037035	0.037037037037037035	0.037037037037037035
17.0	0.037037037037037035	0.037037037037037035	0.037037037037037035	0.037037037037037035	0.037037037037037035	0.037037037037037035	0.037037037037037035	0.037037037037037035	0.037037037037037035	0.037037037037037035	0.037037037037037035	0.037037037037037035	0.037037037037037035	0.037037037037037035	0.037037037037037035	0.037037037037037035	0.037037037037037035	0.037037037037037035	0.037037037037037035	0.037037037037037035	0.037037037037037035	0.037037037037037035	0.037037037037037035	0.037037037037037035	0.037037037037037035	0.037037037037037035	0.037037037037037035
18.0	0.037037037037037035	0.037037037037037035	0.037037037037037035	0.037037037037037035	0.037037037037037035	0.037037037037037035	0.037037037037037035	0.037037037037037035	0.037037037037037035	0.037037037037037035	0.037037037037037035	0.037037037037037035	0.037037037037037035	0.037037037037037035	0.037037037037037035	0.037037037037037035	0.037037037037037035	0.037037037037037035	0.037037037037037035	0.037037037037037035	0.037037037037037035	0.037037037037037035	0.037037037037037035	0.037037037037037035	0.037037037037037035	0.037037037037037035	0.037037037037037035
19.0	0.037037037037037035	0.037037037037037035	0.037037037037037035	0.037037037037037035	0.037037037037037035	0.037037037037037035	0.037037037037037035	0.037037037037037035	0.037037037037037035	0.037037037037037035	0.037037037037037035	0.037037037037037035	0.037037037037037035	0.037037037037037035	0.037037037037037035	0.037037037037037035	0.037037037037037035	0.037037037037037035	0.037037037037037035	0.037037037037037035	0.037037037037037035	0.037037037037037035	0.037037037037037035	0.037037037037037035	0.037037037037037035	0.037037037037037035	0.037037037037037035
20.0	0.037037037037037035	0.037037037037037035	0.037037037037037035	0.037037037037037035	0.037037037037037035	0.037037037037037035	0.037037037037037035	0.037037037037037035	0.037037037037037035	0.037037037037037035	0.037037037037037035	0.037037037037037035	0.037037037037037035	0.037037037037037035	0.037037037037037035	0.037037037037037035	0.037037037037037035	0.037037037037037035	0.037037037037037035	0.037037037037037035	0.037037037037037035	0.037037037037037035	0.037037037037037035	0.037037037037037035	0.037037037037037035	0.037037037037037035	0.037037037037037035
21.0	0.037037037037037035	0.037037037037037035	0.037037037037037035	0.037037037037037035	0.037037037037037035	0.037037037037037035	0.037037037037037035	0.037037037037037035	0.037037037037037035	0.037037037037037035	0.037037037037037035	0.037037037037037035	0.037037037037037035	0.037037037037037035	0.037037037037037035	0.037037037037037035	0.037037037037037035	0.037037037037037035	0.037037037037037035	0.037037037037037035	0.037037037037037035	0.037037037037037035	0.037037037037037035	0.037037037037037035	0.037037037037037035	0.037037037037037035	0.037037037037037035
22.0	0.037037037037037035	0.037037037037037035	0.037037037037037035	0.037037037037037035	0.037037037037037035	0.037037037037037035	0.037037037037037035	0.037037037037037035	0.037037037037037035	0.037037037037037035	0.037037037037037035	0.037037037037037035	0.037037037037037035	0.037037037037037035	0.037037037037037035	0.037037037037037035	0.037037037037037035	0.037037037037037035	0.037037037037037035	0.037037037037037035	0.037037037037037035	0.037037037037037035	0.037037037037037035	0.037037037037037035	0.037037037037037035	0.037037037037037035	0.037037037037037035
23.0	9.997400675824285e-06	9.997400675824285e-06	9.997400675824285e-06	9.997400675824285e-06	9.997400675824285e-06	9.997400675824285e-06	9.997400675824285e-06	9.997400675824285e-06	9.997400675824285e-06	9.997400675824285e-06	9.997400675824285e-06	9.997400675824285e-06	9.997400675824285e-06	9.997400675824285e-06	9.997400675824285e-06	9.997400675824285e-06	9.997400675824285e-06	9.997400675824285e-06	9.997400675824285e-06	9.997400675824285e-06	9.997400675824285e-06	9.997400675824285e-06	9.997400675824285e-06	0.9997400675824284	9.997400675824285e-06	9.997400675824285e-06	9.997400675824285e-06
24.0	0.037037037037037035	0.037037037037037035	0.037037037037037035	0.037037037037037035	0.037037037037037035	0.037037037037037035	0.037037037037037035	0.037037037037037035	0.037037037037037035	0.037037037037037035	0.037037037037037035	0.037037037037037035	0.037037037037037035	0.037037037037037035	0.037037037037037035	0.037037037037037035	0.037037037037037035	0.037037037037037035	0.037037037037037035	0.037037037037037035	0.037037037037037035	0.037037037037037035	0.037037037037037035	0.037037037037037035	0.037037037037037035	0.037037037037037035	0.037037037037037035
25.0	0.037037037037037035	0.037037037037037035	0.037037037037037035	0.037037037037037035	0.037037037037037035	0.037037037037037035	0.037037037037037035	0.037037037037037035	0.037037037037037035	0.037037037037037035	0.037037037037037035	0.037037037037037035	0.037037037037037035	0.037037037037037035	0.037037037037037035	0.037037037037037035	0.037037037037037035	0.037037037037037035	0.037037037037037035	0.037037037037037035	0.037037037037037035	0.037037037037037035	0.037037037037037035	0.037037037037037035	0.037037037037037035	0.037037037037037035	0.037037037037037035
26.0	1.0368315306409091e-05	1.0368315306409091e-05	1.0368315306409091e-05	1.0368315306409091e-05	1.0368315306409091e-05	1.0368315306409091e-05	1.0368315306409091e-05	1.0368315306409091e-05	1.0368315306409091e-05	1.0368315306409091e-05	1.0368315306409091e-05	1.0368315306409091e-05	1.0368315306409091e-05	1.0368315306409091e-05	1.0368315306409091e-05	1.0368315306409091e-05	1.0368315306409091e-05	1.0368315306409091e-05	1.0368315306409091e-05	1.0368315306409091e-05	1.0368315306409091e-05	1.0368315306409091e-05	1.0368315306409091e-05	0.9997304238020336	1.0368315306409091e-05	1.0368315306409091e-05	1.0368315306409091e-05
27.0	0.037037037037037035	0.037037037037037035	0.037037037037037035	0.037037037037037035	0.037037037037037035	0.037037037037037035	0.037037037037037035	0.037037037037037035	0.037037037037037035	0.037037037037037035	0.037037037037037035	0.037037037037037035	0.037037037037037035	0.037037037037037035	0.037037037037037035	0.037037037037037035	0.037037037037037035	0.037037037037037035	0.037037037037037035	0.037037037037037035	0.037037037037037035	0.037037037037037035	0.037037037037037035	0.037037037037037035	0.037037037037037035	0.037037037037037035	0.037037037037037035
