	(0-1)-1.0	(0-1)-2.0	(0-1)-3.0	(0-1)-4.0	(0-1)-5.0	(0-1)-6.0	(0-1)-7.0	(0-1)-8.0	(0-1)-9.0	(0-1)-10.0	(0-1)-11.0	(0-1)-12.0	(0-1)-13.0	(0-1)-14.0	(0-1)-15.0	(0-1)-16.0	(0-1)-17.0
1.0	0.058823529411764705	0.058823529411764705	0.058823529411764705	0.058823529411764705	0.058823529411764705	0.058823529411764705	0.058823529411764705	0.058823529411764705	0.058823529411764705	0.058823529411764705	0.058823529411764705	0.058823529411764705	0.058823529411764705	0.058823529411764705	0.058823529411764705	0.058823529411764705	0.058823529411764705
2.0	9.998500224966246e-06	0.4798896196288095	0.5199604028678151	9.998500224966246e-06	9.998500224966246e-06	9.998500224966246e-06	9.998500224966246e-06	9.998500224966246e-06	9.998500224966246e-06	9.998500224966246e-06	9.998500224966246e-06	9.998500224966246e-06	9.998500224966246e-06	9.998500224966246e-06	9.998500224966246e-06	9.998500224966246e-06	9.998500224966246e-06
3.0	2.4999000039998433e-06	2.4999000039998433e-06	0.9999600015999373	2.4999000039998433e-06	2.4999000039998433e-06	2.4999000039998433e-06	2.4999000039998433e-06	2.4999000039998433e-06	2.4999000039998433e-06	2.4999000039998433e-06	2.4999000039998433e-06	2.4999000039998433e-06	2.4999000039998433e-06	2.4999000039998433e-06	2.4999000039998433e-06	2.4999000039998433e-06	2.4999000039998433e-06
4.0	0.058823529411764705	0.058823529411764705	0.058823529411764705	0.058823529411764705	0.058823529411764705	0.058823529411764705	0.058823529411764705	0.058823529411764705	0.058823529411764705	0.058823529411764705	0.058823529411764705	0.058823529411764705	0.058823529411764705	0.058823529411764705	0.058823529411764705	0.058823529411764705	0.058823529411764705
5.0	0.058823529411764705	0.058823529411764705	0.058823529411764705	0.058823529411764705	0.058823529411764705	0.058823529411764705	0.058823529411764705	0.058823529411764705	0.058823529411764705	0.058823529411764705	0.058823529411764705	0.058823529411764705	0.058823529411764705	0.058823529411764705	0.058823529411764705	0.058823529411764705	0.058823529411764705
6.0	0.058823529411764705	0.058823529411764705	0.058823529411764705	0.058823529411764705	0.058823529411764705	0.058823529411764705	0.058823529411764705	0.058823529411764705	0.058823529411764705	0.058823529411764705	0.058823529411764705	0.058823529411764705	0.058823529411764705	0.058823529411764705	0.058823529411764705	0.058823529411764705	0.058823529411764705
7.0	0.058823529411764705	0.058823529411764705	0.058823529411764705	0.058823529411764705	0.058823529411764705	0.058823529411764705	0.058823529411764705	0.058823529411764705	0.058823529411764705	0.058823529411764705	0.058823529411764705	0.058823529411764705	0.058823529411764705	0.058823529411764705	0.058823529411764705	0.058823529411764705	0.058823529411764705
8.0	0.058823529411764705	0.058823529411764705	0.058823529411764705	0.058823529411764705	0.058823529411764705	0.058823529411764705	0.058823529411764705	0.058823529411764705	0.058823529411764705	0.058823529411764705	0.058823529411764705	0.058823529411764705	0.058823529411764705	0.058823529411764705	0.058823529411764705	0.058823529411764705	0.058823529411764705
9.0	0.058823529411764705	0.058823529411764705	0.058823529411764705	0.058823529411764705	0.058823529411764705	0.058823529411764705	0.058823529411764705	0.058823529411764705	0.058823529411764705	0.058823529411764705	0.058823529411764705	0.058823529411764705	0.058823529411764705	0.058823529411764705	0.058823529411764705	0.058823529411764705	0.058823529411764705
10.0	0.058823529411764705	0.058823529411764705	0.058823529411764705	0.058823529411764705	0.058823529411764705	0.058823529411764705	0.058823529411764705	0.058823529411764705	0.058823529411764705	0.058823529411764705	0.058823529411764705	0.058823529411764705	0.058823529411764705	0.058823529411764705	0.058823529411764705	0.058823529411764705	0.058823529411764705
11.0	2.8657401004407626e-06	2.8657401004407626e-06	2.8657401004407626e-06	2.8657401004407626e-06	2.8657401004407626e-06	2.8657401004407626e-06	2.8657401004407626e-06	2.8657401004407626e-06	2.8657401004407626e-06	2.8657401004407626e-06	0.9999541481583928	2.8657401004407626e-06	2.8657401004407626e-06	2.8657401004407626e-06	2.8657401004407626e-06	2.8657401004407626e-06	2.8657401004407626e-06
12.0	0.058823529411764705	0.058823529411764705	0.058823529411764705	0.058823529411764705	0.058823529411764705	0.058823529411764705	0.058823529411764705	0.058823529411764705	0.058823529411764705	0.058823529411764705	0.058823529411764705	0.058823529411764705	0.058823529411764705	0.058823529411764705	0.058823529411764705	0.058823529411764705	0.058823529411764705
13.0	1.9576366332900585e-05	1.9576366332900585e-05	1.9576366332900585e-05	1.9576366332900585e-05	1.9576366332900585e-05	1.9576366332900585e-05	1.9576366332900585e-05	1.9576366332900585e-05	1.9576366332900585e-05	1.9576366332900585e-05	0.9996867781386741	1.9576366332900585e-05	1.9576366332900585e-05	1.9576366332900585e-05	1.9576366332900585e-05	1.9576366332900585e-05	1.9576366332900585e-05
14.0	0.058823529411764705	0.058823529411764705	0.058823529411764705	0.058823529411764705	0.058823529411764705	0.058823529411764705	0.058823529411764705	0.058823529411764705	0.058823529411764705	0.058823529411764705	0.058823529411764705	0.058823529411764705	0.058823529411764705	0.058823529411764705	0.058823529411764705	0.058823529411764705	0.058823529411764705
15.0	0.058823529411764705	0.058823529411764705	0.058823529411764705	0.058823529411764705	0.058823529411764705	0.058823529411764705	0.058823529411764705	0.058823529411764705	0.058823529411764705	0.058823529411764705	0.058823529411764705	0.058823529411764705	0.058823529411764705	0.058823529411764705	0.058823529411764705	0.058823529411764705	0.058823529411764705
16.0	0.058823529411764705	0.058823529411764705	0.058823529411764705	0.058823529411764705	0.058823529411764705	0.058823529411764705	0.058823529411764705	0.058823529411764705	0.058823529411764705	0.058823529411764705	0.058823529411764705	0.058823529411764705	0.058823529411764705	0.058823529411764705	0.058823529411764705	0.058823529411764705	0.058823529411764705
17.0	0.058823529411764705	0.058823529411764705	0.058823529411764705	0.058823529411764705	0.058823529411764705	0.058823529411764705	0.058823529411764705	0.058823529411764705	0.058823529411764705	0.058823529411764705	0.058823529411764705	0.058823529411764705	0.058823529411764705	0.058823529411764705	0.058823529411764705	0.058823529411764705	0.058823529411764705
