	(16-17)-1.0	(16-17)-2.0	(16-17)-3.0	(16-17)-4.0	(16-17)-5.0	(16-17)-6.0	(16-17)-7.0	(16-17)-8.0	(16-17)-9.0	(16-17)-10.0	(16-17)-11.0	(16-17)-12.0	(16-17)-13.0	(16-17)-14.0	(16-17)-15.0	(16-17)-16.0	(16-17)-17.0	(16-17)-18.0
1.0	0.05555555555555556	0.05555555555555556	0.05555555555555556	0.05555555555555556	0.05555555555555556	0.05555555555555556	0.05555555555555556	0.05555555555555556	0.05555555555555556	0.05555555555555556	0.05555555555555556	0.05555555555555556	0.05555555555555556	0.05555555555555556	0.05555555555555556	0.05555555555555556	0.05555555555555556	0.05555555555555556
2.0	3.3331444551475408e-06	0.9999433365442622	3.3331444551475408e-06	3.3331444551475408e-06	3.3331444551475408e-06	3.3331444551475408e-06	3.3331444551475408e-06	3.3331444551475408e-06	3.3331444551475408e-06	3.3331444551475408e-06	3.3331444551475408e-06	3.3331444551475408e-06	3.3331444551475408e-06	3.3331444551475408e-06	3.3331444551475408e-06	3.3331444551475408e-06	3.3331444551475408e-06	3.3331444551475408e-06
3.0	1.709360801621843e-06	1.709360801621843e-06	0.7134674872096806	0.14529566813785663	0.10034077233626784	1.709360801621843e-06	1.709360801621843e-06	1.709360801621843e-06	1.709360801621843e-06	1.709360801621843e-06	1.709360801621843e-06	1.709360801621843e-06	1.709360801621843e-06	1.709360801621843e-06	0.04087214126497309	1.709360801621843e-06	1.709360801621843e-06	1.709360801621843e-06
4.0	8.694366919672739e-06	8.694366919672739e-06	8.694366919672739e-06	0.9998521957623648	8.694366919672739e-06	8.694366919672739e-06	8.694366919672739e-06	8.694366919672739e-06	8.694366919672739e-06	8.694366919672739e-06	8.694366919672739e-06	8.694366919672739e-06	8.694366919672739e-06	8.694366919672739e-06	8.694366919672739e-06	8.694366919672739e-06	8.694366919672739e-06	8.694366919672739e-06
5.0	9.998400255959037e-06	9.998400255959037e-06	0.3034979955548264	9.998400255959037e-06	0.6963420300410772	9.998400255959037e-06	9.998400255959037e-06	9.998400255959037e-06	9.998400255959037e-06	9.998400255959037e-06	9.998400255959037e-06	9.998400255959037e-06	9.998400255959037e-06	9.998400255959037e-06	9.998400255959037e-06	9.998400255959037e-06	9.998400255959037e-06	9.998400255959037e-06
6.0	9.99830028895087e-06	9.99830028895087e-06	9.99830028895087e-06	9.99830028895087e-06	9.99830028895087e-06	0.999830028895087	9.99830028895087e-06	9.99830028895087e-06	9.99830028895087e-06	9.99830028895087e-06	9.99830028895087e-06	9.99830028895087e-06	9.99830028895087e-06	9.99830028895087e-06	9.99830028895087e-06	9.99830028895087e-06	9.99830028895087e-06	9.99830028895087e-06
7.0	0.05555555555555556	0.05555555555555556	0.05555555555555556	0.05555555555555556	0.05555555555555556	0.05555555555555556	0.05555555555555556	0.05555555555555556	0.05555555555555556	0.05555555555555556	0.05555555555555556	0.05555555555555556	0.05555555555555556	0.05555555555555556	0.05555555555555556	0.05555555555555556	0.05555555555555556	0.05555555555555556
8.0	0.05555555555555556	0.05555555555555556	0.05555555555555556	0.05555555555555556	0.05555555555555556	0.05555555555555556	0.05555555555555556	0.05555555555555556	0.05555555555555556	0.05555555555555556	0.05555555555555556	0.05555555555555556	0.05555555555555556	0.05555555555555556	0.05555555555555556	0.05555555555555556	0.05555555555555556	0.05555555555555556
9.0	0.05555555555555556	0.05555555555555556	0.05555555555555556	0.05555555555555556	0.05555555555555556	0.05555555555555556	0.05555555555555556	0.05555555555555556	0.05555555555555556	0.05555555555555556	0.05555555555555556	0.05555555555555556	0.05555555555555556	0.05555555555555556	0.05555555555555556	0.05555555555555556	0.05555555555555556	0.05555555555555556
10.0	0.05555555555555556	0.05555555555555556	0.05555555555555556	0.05555555555555556	0.05555555555555556	0.05555555555555556	0.05555555555555556	0.05555555555555556	0.05555555555555556	0.05555555555555556	0.05555555555555556	0.05555555555555556	0.05555555555555556	0.05555555555555556	0.05555555555555556	0.05555555555555556	0.05555555555555556	0.05555555555555556
11.0	0.05555555555555556	0.05555555555555556	0.05555555555555556	0.05555555555555556	0.05555555555555556	0.05555555555555556	0.05555555555555556	0.05555555555555556	0.05555555555555556	0.05555555555555556	0.05555555555555556	0.05555555555555556	0.05555555555555556	0.05555555555555556	0.05555555555555556	0.05555555555555556	0.05555555555555556	0.05555555555555556
12.0	0.05555555555555556	0.05555555555555556	0.05555555555555556	0.05555555555555556	0.05555555555555556	0.05555555555555556	0.05555555555555556	0.05555555555555556	0.05555555555555556	0.05555555555555556	0.05555555555555556	0.05555555555555556	0.05555555555555556	0.05555555555555556	0.05555555555555556	0.05555555555555556	0.05555555555555556	0.05555555555555556
13.0	0.00013303843114504914	0.00013303843114504914	0.9977383466705348	0.00013303843114504914	0.00013303843114504914	0.00013303843114504914	0.00013303843114504914	0.00013303843114504914	0.00013303843114504914	0.00013303843114504914	0.00013303843114504914	0.00013303843114504914	0.00013303843114504914	0.00013303843114504914	0.00013303843114504914	0.00013303843114504914	0.00013303843114504914	0.00013303843114504914
14.0	1.0808780515040072e-05	1.0808780515040072e-05	0.999816250731245	1.0808780515040072e-05	1.0808780515040072e-05	1.0808780515040072e-05	1.0808780515040072e-05	1.0808780515040072e-05	1.0808780515040072e-05	1.0808780515040072e-05	1.0808780515040072e-05	1.0808780515040072e-05	1.0808780515040072e-05	1.0808780515040072e-05	1.0808780515040072e-05	1.0808780515040072e-05	1.0808780515040072e-05	1.0808780515040072e-05
15.0	0.05555555555555556	0.05555555555555556	0.05555555555555556	0.05555555555555556	0.05555555555555556	0.05555555555555556	0.05555555555555556	0.05555555555555556	0.05555555555555556	0.05555555555555556	0.05555555555555556	0.05555555555555556	0.05555555555555556	0.05555555555555556	0.05555555555555556	0.05555555555555556	0.05555555555555556	0.05555555555555556
16.0	0.05555555555555556	0.05555555555555556	0.05555555555555556	0.05555555555555556	0.05555555555555556	0.05555555555555556	0.05555555555555556	0.05555555555555556	0.05555555555555556	0.05555555555555556	0.05555555555555556	0.05555555555555556	0.05555555555555556	0.05555555555555556	0.05555555555555556	0.05555555555555556	0.05555555555555556	0.05555555555555556
17.0	0.05555555555555556	0.05555555555555556	0.05555555555555556	0.05555555555555556	0.05555555555555556	0.05555555555555556	0.05555555555555556	0.05555555555555556	0.05555555555555556	0.05555555555555556	0.05555555555555556	0.05555555555555556	0.05555555555555556	0.05555555555555556	0.05555555555555556	0.05555555555555556	0.05555555555555556	0.05555555555555556
18.0	0.05555555555555556	0.05555555555555556	0.05555555555555556	0.05555555555555556	0.05555555555555556	0.05555555555555556	0.05555555555555556	0.05555555555555556	0.05555555555555556	0.05555555555555556	0.05555555555555556	0.05555555555555556	0.05555555555555556	0.05555555555555556	0.05555555555555556	0.05555555555555556	0.05555555555555556	0.05555555555555556
