	(0-1)-1.0	(0-1)-2.0	(0-1)-3.0	(0-1)-4.0	(0-1)-5.0	(0-1)-6.0	(0-1)-7.0	(0-1)-8.0	(0-1)-9.0	(0-1)-10.0	(0-1)-11.0	(0-1)-12.0	(0-1)-13.0	(0-1)-14.0	(0-1)-15.0	(0-1)-16.0	(0-1)-17.0	(0-1)-18.0
1.0	0.05555555555555556	0.05555555555555556	0.05555555555555556	0.05555555555555556	0.05555555555555556	0.05555555555555556	0.05555555555555556	0.05555555555555556	0.05555555555555556	0.05555555555555556	0.05555555555555556	0.05555555555555556	0.05555555555555556	0.05555555555555556	0.05555555555555556	0.05555555555555556	0.05555555555555556	0.05555555555555556
2.0	1.485908647910889e-06	0.29718172958217776	0.7027944958794565	1.485908647910889e-06	1.485908647910889e-06	1.485908647910889e-06	1.485908647910889e-06	1.485908647910889e-06	1.485908647910889e-06	1.485908647910889e-06	1.485908647910889e-06	1.485908647910889e-06	1.485908647910889e-06	1.485908647910889e-06	1.485908647910889e-06	1.485908647910889e-06	1.485908647910889e-06	1.485908647910889e-06
3.0	1.8973743681324237e-06	1.8973743681324237e-06	0.9999677446357428	1.8973743681324237e-06	1.8973743681324237e-06	1.8973743681324237e-06	1.8973743681324237e-06	1.8973743681324237e-06	1.8973743681324237e-06	1.8973743681324237e-06	1.8973743681324237e-06	1.8973743681324237e-06	1.8973743681324237e-06	1.8973743681324237e-06	1.8973743681324237e-06	1.8973743681324237e-06	1.8973743681324237e-06	1.8973743681324237e-06
4.0	0.05555555555555556	0.05555555555555556	0.05555555555555556	0.05555555555555556	0.05555555555555556	0.05555555555555556	0.05555555555555556	0.05555555555555556	0.05555555555555556	0.05555555555555556	0.05555555555555556	0.05555555555555556	0.05555555555555556	0.05555555555555556	0.05555555555555556	0.05555555555555556	0.05555555555555556	0.05555555555555556
5.0	0.05555555555555556	0.05555555555555556	0.05555555555555556	0.05555555555555556	0.05555555555555556	0.05555555555555556	0.05555555555555556	0.05555555555555556	0.05555555555555556	0.05555555555555556	0.05555555555555556	0.05555555555555556	0.05555555555555556	0.05555555555555556	0.05555555555555556	0.05555555555555556	0.05555555555555556	0.05555555555555556
6.0	0.05555555555555556	0.05555555555555556	0.05555555555555556	0.05555555555555556	0.05555555555555556	0.05555555555555556	0.05555555555555556	0.05555555555555556	0.05555555555555556	0.05555555555555556	0.05555555555555556	0.05555555555555556	0.05555555555555556	0.05555555555555556	0.05555555555555556	0.05555555555555556	0.05555555555555556	0.05555555555555556
7.0	0.05555555555555556	0.05555555555555556	0.05555555555555556	0.05555555555555556	0.05555555555555556	0.05555555555555556	0.05555555555555556	0.05555555555555556	0.05555555555555556	0.05555555555555556	0.05555555555555556	0.05555555555555556	0.05555555555555556	0.05555555555555556	0.05555555555555556	0.05555555555555556	0.05555555555555556	0.05555555555555556
8.0	0.05555555555555556	0.05555555555555556	0.05555555555555556	0.05555555555555556	0.05555555555555556	0.05555555555555556	0.05555555555555556	0.05555555555555556	0.05555555555555556	0.05555555555555556	0.05555555555555556	0.05555555555555556	0.05555555555555556	0.05555555555555556	0.05555555555555556	0.05555555555555556	0.05555555555555556	0.05555555555555556
9.0	0.05555555555555556	0.05555555555555556	0.05555555555555556	0.05555555555555556	0.05555555555555556	0.05555555555555556	0.05555555555555556	0.05555555555555556	0.05555555555555556	0.05555555555555556	0.05555555555555556	0.05555555555555556	0.05555555555555556	0.05555555555555556	0.05555555555555556	0.05555555555555556	0.05555555555555556	0.05555555555555556
10.0	0.05555555555555556	0.05555555555555556	0.05555555555555556	0.05555555555555556	0.05555555555555556	0.05555555555555556	0.05555555555555556	0.05555555555555556	0.05555555555555556	0.05555555555555556	0.05555555555555556	0.05555555555555556	0.05555555555555556	0.05555555555555556	0.05555555555555556	0.05555555555555556	0.05555555555555556	0.05555555555555556
11.0	0.05555555555555556	0.05555555555555556	0.05555555555555556	0.05555555555555556	0.05555555555555556	0.05555555555555556	0.05555555555555556	0.05555555555555556	0.05555555555555556	0.05555555555555556	0.05555555555555556	0.05555555555555556	0.05555555555555556	0.05555555555555556	0.05555555555555556	0.05555555555555556	0.05555555555555556	0.05555555555555556
12.0	0.05555555555555556	0.05555555555555556	0.05555555555555556	0.05555555555555556	0.05555555555555556	0.05555555555555556	0.05555555555555556	0.05555555555555556	0.05555555555555556	0.05555555555555556	0.05555555555555556	0.05555555555555556	0.05555555555555556	0.05555555555555556	0.05555555555555556	0.05555555555555556	0.05555555555555556	0.05555555555555556
13.0	0.05555555555555556	0.05555555555555556	0.05555555555555556	0.05555555555555556	0.05555555555555556	0.05555555555555556	0.05555555555555556	0.05555555555555556	0.05555555555555556	0.05555555555555556	0.05555555555555556	0.05555555555555556	0.05555555555555556	0.05555555555555556	0.05555555555555556	0.05555555555555556	0.05555555555555556	0.05555555555555556
14.0	0.05555555555555556	0.05555555555555556	0.05555555555555556	0.05555555555555556	0.05555555555555556	0.05555555555555556	0.05555555555555556	0.05555555555555556	0.05555555555555556	0.05555555555555556	0.05555555555555556	0.05555555555555556	0.05555555555555556	0.05555555555555556	0.05555555555555556	0.05555555555555556	0.05555555555555556	0.05555555555555556
15.0	0.05555555555555556	0.05555555555555556	0.05555555555555556	0.05555555555555556	0.05555555555555556	0.05555555555555556	0.05555555555555556	0.05555555555555556	0.05555555555555556	0.05555555555555556	0.05555555555555556	0.05555555555555556	0.05555555555555556	0.05555555555555556	0.05555555555555556	0.05555555555555556	0.05555555555555556	0.05555555555555556
16.0	0.05555555555555556	0.05555555555555556	0.05555555555555556	0.05555555555555556	0.05555555555555556	0.05555555555555556	0.05555555555555556	0.05555555555555556	0.05555555555555556	0.05555555555555556	0.05555555555555556	0.05555555555555556	0.05555555555555556	0.05555555555555556	0.05555555555555556	0.05555555555555556	0.05555555555555556	0.05555555555555556
17.0	0.05555555555555556	0.05555555555555556	0.05555555555555556	0.05555555555555556	0.05555555555555556	0.05555555555555556	0.05555555555555556	0.05555555555555556	0.05555555555555556	0.05555555555555556	0.05555555555555556	0.05555555555555556	0.05555555555555556	0.05555555555555556	0.05555555555555556	0.05555555555555556	0.05555555555555556	0.05555555555555556
18.0	0.05555555555555556	0.05555555555555556	0.05555555555555556	0.05555555555555556	0.05555555555555556	0.05555555555555556	0.05555555555555556	0.05555555555555556	0.05555555555555556	0.05555555555555556	0.05555555555555556	0.05555555555555556	0.05555555555555556	0.05555555555555556	0.05555555555555556	0.05555555555555556	0.05555555555555556	0.05555555555555556
