	(12-13)-1.0	(12-13)-2.0	(12-13)-3.0	(12-13)-4.0	(12-13)-5.0	(12-13)-6.0	(12-13)-7.0	(12-13)-8.0	(12-13)-9.0	(12-13)-10.0	(12-13)-11.0	(12-13)-12.0	(12-13)-13.0	(12-13)-14.0	(12-13)-15.0	(12-13)-16.0	(12-13)-17.0	(12-13)-18.0
1.0	0.8025569860300956	0.197363020369392	4.999600031997438e-06	4.999600031997438e-06	4.999600031997438e-06	4.999600031997438e-06	4.999600031997438e-06	4.999600031997438e-06	4.999600031997438e-06	4.999600031997438e-06	4.999600031997438e-06	4.999600031997438e-06	4.999600031997438e-06	4.999600031997438e-06	4.999600031997438e-06	4.999600031997438e-06	4.999600031997438e-06	4.999600031997438e-06
2.0	3.3331444551475408e-06	0.9999433365442622	3.3331444551475408e-06	3.3331444551475408e-06	3.3331444551475408e-06	3.3331444551475408e-06	3.3331444551475408e-06	3.3331444551475408e-06	3.3331444551475408e-06	3.3331444551475408e-06	3.3331444551475408e-06	3.3331444551475408e-06	3.3331444551475408e-06	3.3331444551475408e-06	3.3331444551475408e-06	3.3331444551475408e-06	3.3331444551475408e-06	3.3331444551475408e-06
3.0	1.9999320023119236e-06	1.9999320023119236e-06	0.9999660011559618	1.9999320023119236e-06	1.9999320023119236e-06	1.9999320023119236e-06	1.9999320023119236e-06	1.9999320023119236e-06	1.9999320023119236e-06	1.9999320023119236e-06	1.9999320023119236e-06	1.9999320023119236e-06	1.9999320023119236e-06	1.9999320023119236e-06	1.9999320023119236e-06	1.9999320023119236e-06	1.9999320023119236e-06	1.9999320023119236e-06
4.0	4.999575036121927e-06	4.999575036121927e-06	4.999575036121927e-06	0.9999150072243854	4.999575036121927e-06	4.999575036121927e-06	4.999575036121927e-06	4.999575036121927e-06	4.999575036121927e-06	4.999575036121927e-06	4.999575036121927e-06	4.999575036121927e-06	4.999575036121927e-06	4.999575036121927e-06	4.999575036121927e-06	4.999575036121927e-06	4.999575036121927e-06	4.999575036121927e-06
5.0	0.05555555555555556	0.05555555555555556	0.05555555555555556	0.05555555555555556	0.05555555555555556	0.05555555555555556	0.05555555555555556	0.05555555555555556	0.05555555555555556	0.05555555555555556	0.05555555555555556	0.05555555555555556	0.05555555555555556	0.05555555555555556	0.05555555555555556	0.05555555555555556	0.05555555555555556	0.05555555555555556
6.0	0.05555555555555556	0.05555555555555556	0.05555555555555556	0.05555555555555556	0.05555555555555556	0.05555555555555556	0.05555555555555556	0.05555555555555556	0.05555555555555556	0.05555555555555556	0.05555555555555556	0.05555555555555556	0.05555555555555556	0.05555555555555556	0.05555555555555556	0.05555555555555556	0.05555555555555556	0.05555555555555556
7.0	0.05555555555555556	0.05555555555555556	0.05555555555555556	0.05555555555555556	0.05555555555555556	0.05555555555555556	0.05555555555555556	0.05555555555555556	0.05555555555555556	0.05555555555555556	0.05555555555555556	0.05555555555555556	0.05555555555555556	0.05555555555555556	0.05555555555555556	0.05555555555555556	0.05555555555555556	0.05555555555555556
8.0	0.05555555555555556	0.05555555555555556	0.05555555555555556	0.05555555555555556	0.05555555555555556	0.05555555555555556	0.05555555555555556	0.05555555555555556	0.05555555555555556	0.05555555555555556	0.05555555555555556	0.05555555555555556	0.05555555555555556	0.05555555555555556	0.05555555555555556	0.05555555555555556	0.05555555555555556	0.05555555555555556
9.0	0.05555555555555556	0.05555555555555556	0.05555555555555556	0.05555555555555556	0.05555555555555556	0.05555555555555556	0.05555555555555556	0.05555555555555556	0.05555555555555556	0.05555555555555556	0.05555555555555556	0.05555555555555556	0.05555555555555556	0.05555555555555556	0.05555555555555556	0.05555555555555556	0.05555555555555556	0.05555555555555556
10.0	0.05555555555555556	0.05555555555555556	0.05555555555555556	0.05555555555555556	0.05555555555555556	0.05555555555555556	0.05555555555555556	0.05555555555555556	0.05555555555555556	0.05555555555555556	0.05555555555555556	0.05555555555555556	0.05555555555555556	0.05555555555555556	0.05555555555555556	0.05555555555555556	0.05555555555555556	0.05555555555555556
11.0	9.998300288950874e-06	9.998300288950874e-06	9.998300288950874e-06	9.998300288950874e-06	9.998300288950874e-06	9.998300288950874e-06	9.998300288950874e-06	9.998300288950874e-06	9.998300288950874e-06	9.998300288950874e-06	0.9998300288950874	9.998300288950874e-06	9.998300288950874e-06	9.998300288950874e-06	9.998300288950874e-06	9.998300288950874e-06	9.998300288950874e-06	9.998300288950874e-06
12.0	0.05555555555555556	0.05555555555555556	0.05555555555555556	0.05555555555555556	0.05555555555555556	0.05555555555555556	0.05555555555555556	0.05555555555555556	0.05555555555555556	0.05555555555555556	0.05555555555555556	0.05555555555555556	0.05555555555555556	0.05555555555555556	0.05555555555555556	0.05555555555555556	0.05555555555555556	0.05555555555555556
13.0	0.05555555555555556	0.05555555555555556	0.05555555555555556	0.05555555555555556	0.05555555555555556	0.05555555555555556	0.05555555555555556	0.05555555555555556	0.05555555555555556	0.05555555555555556	0.05555555555555556	0.05555555555555556	0.05555555555555556	0.05555555555555556	0.05555555555555556	0.05555555555555556	0.05555555555555556	0.05555555555555556
14.0	0.05555555555555556	0.05555555555555556	0.05555555555555556	0.05555555555555556	0.05555555555555556	0.05555555555555556	0.05555555555555556	0.05555555555555556	0.05555555555555556	0.05555555555555556	0.05555555555555556	0.05555555555555556	0.05555555555555556	0.05555555555555556	0.05555555555555556	0.05555555555555556	0.05555555555555556	0.05555555555555556
15.0	0.05555555555555556	0.05555555555555556	0.05555555555555556	0.05555555555555556	0.05555555555555556	0.05555555555555556	0.05555555555555556	0.05555555555555556	0.05555555555555556	0.05555555555555556	0.05555555555555556	0.05555555555555556	0.05555555555555556	0.05555555555555556	0.05555555555555556	0.05555555555555556	0.05555555555555556	0.05555555555555556
16.0	0.05555555555555556	0.05555555555555556	0.05555555555555556	0.05555555555555556	0.05555555555555556	0.05555555555555556	0.05555555555555556	0.05555555555555556	0.05555555555555556	0.05555555555555556	0.05555555555555556	0.05555555555555556	0.05555555555555556	0.05555555555555556	0.05555555555555556	0.05555555555555556	0.05555555555555556	0.05555555555555556
17.0	0.05555555555555556	0.05555555555555556	0.05555555555555556	0.05555555555555556	0.05555555555555556	0.05555555555555556	0.05555555555555556	0.05555555555555556	0.05555555555555556	0.05555555555555556	0.05555555555555556	0.05555555555555556	0.05555555555555556	0.05555555555555556	0.05555555555555556	0.05555555555555556	0.05555555555555556	0.05555555555555556
18.0	9.998300288950879e-06	9.998300288950879e-06	9.998300288950879e-06	9.998300288950879e-06	9.998300288950879e-06	9.998300288950879e-06	9.998300288950879e-06	9.998300288950879e-06	9.998300288950879e-06	9.998300288950879e-06	9.998300288950879e-06	9.998300288950879e-06	9.998300288950879e-06	9.998300288950879e-06	9.998300288950879e-06	9.998300288950879e-06	9.998300288950879e-06	0.9998300288950879
