	(6-7)-1.0	(6-7)-2.0	(6-7)-3.0	(6-7)-4.0	(6-7)-5.0	(6-7)-6.0	(6-7)-7.0	(6-7)-8.0	(6-7)-9.0	(6-7)-10.0	(6-7)-11.0	(6-7)-12.0	(6-7)-13.0	(6-7)-14.0	(6-7)-15.0	(6-7)-16.0	(6-7)-17.0	(6-7)-18.0
1.0	0.05555555555555556	0.05555555555555556	0.05555555555555556	0.05555555555555556	0.05555555555555556	0.05555555555555556	0.05555555555555556	0.05555555555555556	0.05555555555555556	0.05555555555555556	0.05555555555555556	0.05555555555555556	0.05555555555555556	0.05555555555555556	0.05555555555555556	0.05555555555555556	0.05555555555555556	0.05555555555555556
2.0	3.3331444551475408e-06	0.9999433365442622	3.3331444551475408e-06	3.3331444551475408e-06	3.3331444551475408e-06	3.3331444551475408e-06	3.3331444551475408e-06	3.3331444551475408e-06	3.3331444551475408e-06	3.3331444551475408e-06	3.3331444551475408e-06	3.3331444551475408e-06	3.3331444551475408e-06	3.3331444551475408e-06	3.3331444551475408e-06	3.3331444551475408e-06	3.3331444551475408e-06	3.3331444551475408e-06
3.0	1.9999360020479366e-06	1.9999360020479366e-06	0.9699689609932491	0.029999040030719046	1.9999360020479366e-06	1.9999360020479366e-06	1.9999360020479366e-06	1.9999360020479366e-06	1.9999360020479366e-06	1.9999360020479366e-06	1.9999360020479366e-06	1.9999360020479366e-06	1.9999360020479366e-06	1.9999360020479366e-06	1.9999360020479366e-06	1.9999360020479366e-06	1.9999360020479366e-06	1.9999360020479366e-06
4.0	9.99830028895087e-06	9.99830028895087e-06	9.99830028895087e-06	0.999830028895087	9.99830028895087e-06	9.99830028895087e-06	9.99830028895087e-06	9.99830028895087e-06	9.99830028895087e-06	9.99830028895087e-06	9.99830028895087e-06	9.99830028895087e-06	9.99830028895087e-06	9.99830028895087e-06	9.99830028895087e-06	9.99830028895087e-06	9.99830028895087e-06	9.99830028895087e-06
5.0	9.99830028895087e-06	9.99830028895087e-06	0.999830028895087	9.99830028895087e-06	9.99830028895087e-06	9.99830028895087e-06	9.99830028895087e-06	9.99830028895087e-06	9.99830028895087e-06	9.99830028895087e-06	9.99830028895087e-06	9.99830028895087e-06	9.99830028895087e-06	9.99830028895087e-06	9.99830028895087e-06	9.99830028895087e-06	9.99830028895087e-06	9.99830028895087e-06
6.0	9.99830028895087e-06	9.99830028895087e-06	9.99830028895087e-06	9.99830028895087e-06	9.99830028895087e-06	0.999830028895087	9.99830028895087e-06	9.99830028895087e-06	9.99830028895087e-06	9.99830028895087e-06	9.99830028895087e-06	9.99830028895087e-06	9.99830028895087e-06	9.99830028895087e-06	9.99830028895087e-06	9.99830028895087e-06	9.99830028895087e-06	9.99830028895087e-06
7.0	0.05555555555555556	0.05555555555555556	0.05555555555555556	0.05555555555555556	0.05555555555555556	0.05555555555555556	0.05555555555555556	0.05555555555555556	0.05555555555555556	0.05555555555555556	0.05555555555555556	0.05555555555555556	0.05555555555555556	0.05555555555555556	0.05555555555555556	0.05555555555555556	0.05555555555555556	0.05555555555555556
8.0	0.05555555555555556	0.05555555555555556	0.05555555555555556	0.05555555555555556	0.05555555555555556	0.05555555555555556	0.05555555555555556	0.05555555555555556	0.05555555555555556	0.05555555555555556	0.05555555555555556	0.05555555555555556	0.05555555555555556	0.05555555555555556	0.05555555555555556	0.05555555555555556	0.05555555555555556	0.05555555555555556
9.0	0.05555555555555556	0.05555555555555556	0.05555555555555556	0.05555555555555556	0.05555555555555556	0.05555555555555556	0.05555555555555556	0.05555555555555556	0.05555555555555556	0.05555555555555556	0.05555555555555556	0.05555555555555556	0.05555555555555556	0.05555555555555556	0.05555555555555556	0.05555555555555556	0.05555555555555556	0.05555555555555556
10.0	0.05555555555555556	0.05555555555555556	0.05555555555555556	0.05555555555555556	0.05555555555555556	0.05555555555555556	0.05555555555555556	0.05555555555555556	0.05555555555555556	0.05555555555555556	0.05555555555555556	0.05555555555555556	0.05555555555555556	0.05555555555555556	0.05555555555555556	0.05555555555555556	0.05555555555555556	0.05555555555555556
11.0	0.05555555555555556	0.05555555555555556	0.05555555555555556	0.05555555555555556	0.05555555555555556	0.05555555555555556	0.05555555555555556	0.05555555555555556	0.05555555555555556	0.05555555555555556	0.05555555555555556	0.05555555555555556	0.05555555555555556	0.05555555555555556	0.05555555555555556	0.05555555555555556	0.05555555555555556	0.05555555555555556
12.0	0.05555555555555556	0.05555555555555556	0.05555555555555556	0.05555555555555556	0.05555555555555556	0.05555555555555556	0.05555555555555556	0.05555555555555556	0.05555555555555556	0.05555555555555556	0.05555555555555556	0.05555555555555556	0.05555555555555556	0.05555555555555556	0.05555555555555556	0.05555555555555556	0.05555555555555556	0.05555555555555556
13.0	9.998400255959046e-06	9.998400255959046e-06	9.998400255959046e-06	9.998400255959046e-06	9.998400255959046e-06	9.998400255959046e-06	9.998400255959046e-06	9.998400255959046e-06	9.998400255959046e-06	9.998400255959046e-06	9.998400255959046e-06	9.998400255959046e-06	0.07498425270705748	0.9248557728888468	9.998400255959046e-06	9.998400255959046e-06	9.998400255959046e-06	9.998400255959046e-06
14.0	0.05555555555555556	0.05555555555555556	0.05555555555555556	0.05555555555555556	0.05555555555555556	0.05555555555555556	0.05555555555555556	0.05555555555555556	0.05555555555555556	0.05555555555555556	0.05555555555555556	0.05555555555555556	0.05555555555555556	0.05555555555555556	0.05555555555555556	0.05555555555555556	0.05555555555555556	0.05555555555555556
15.0	0.05555555555555556	0.05555555555555556	0.05555555555555556	0.05555555555555556	0.05555555555555556	0.05555555555555556	0.05555555555555556	0.05555555555555556	0.05555555555555556	0.05555555555555556	0.05555555555555556	0.05555555555555556	0.05555555555555556	0.05555555555555556	0.05555555555555556	0.05555555555555556	0.05555555555555556	0.05555555555555556
16.0	0.05555555555555556	0.05555555555555556	0.05555555555555556	0.05555555555555556	0.05555555555555556	0.05555555555555556	0.05555555555555556	0.05555555555555556	0.05555555555555556	0.05555555555555556	0.05555555555555556	0.05555555555555556	0.05555555555555556	0.05555555555555556	0.05555555555555556	0.05555555555555556	0.05555555555555556	0.05555555555555556
17.0	0.05555555555555556	0.05555555555555556	0.05555555555555556	0.05555555555555556	0.05555555555555556	0.05555555555555556	0.05555555555555556	0.05555555555555556	0.05555555555555556	0.05555555555555556	0.05555555555555556	0.05555555555555556	0.05555555555555556	0.05555555555555556	0.05555555555555556	0.05555555555555556	0.05555555555555556	0.05555555555555556
18.0	0.05555555555555556	0.05555555555555556	0.05555555555555556	0.05555555555555556	0.05555555555555556	0.05555555555555556	0.05555555555555556	0.05555555555555556	0.05555555555555556	0.05555555555555556	0.05555555555555556	0.05555555555555556	0.05555555555555556	0.05555555555555556	0.05555555555555556	0.05555555555555556	0.05555555555555556	0.05555555555555556
