	(8-9)-1.0	(8-9)-2.0	(8-9)-3.0	(8-9)-4.0	(8-9)-5.0	(8-9)-6.0	(8-9)-7.0	(8-9)-8.0	(8-9)-9.0	(8-9)-10.0	(8-9)-11.0	(8-9)-12.0	(8-9)-13.0	(8-9)-14.0	(8-9)-15.0	(8-9)-16.0	(8-9)-17.0	(8-9)-18.0
1.0	0.05555555555555556	0.05555555555555556	0.05555555555555556	0.05555555555555556	0.05555555555555556	0.05555555555555556	0.05555555555555556	0.05555555555555556	0.05555555555555556	0.05555555555555556	0.05555555555555556	0.05555555555555556	0.05555555555555556	0.05555555555555556	0.05555555555555556	0.05555555555555556	0.05555555555555556	0.05555555555555556
2.0	4.545000070233473e-06	0.9090000140466945	0.09092726595218134	4.545000070233473e-06	4.545000070233473e-06	4.545000070233473e-06	4.545000070233473e-06	4.545000070233473e-06	4.545000070233473e-06	4.545000070233473e-06	4.545000070233473e-06	4.545000070233473e-06	4.545000070233473e-06	4.545000070233473e-06	4.545000070233473e-06	4.545000070233473e-06	4.545000070233473e-06	4.545000070233473e-06
3.0	1.5929854471539322e-06	0.0032558980810638723	0.9722765278499632	1.5929854471539322e-06	1.5929854471539322e-06	1.5929854471539322e-06	1.5929854471539322e-06	1.5929854471539322e-06	1.5929854471539322e-06	1.5929854471539322e-06	1.5929854471539322e-06	1.5929854471539322e-06	1.5929854471539322e-06	1.5929854471539322e-06	0.02444367928726631	1.5929854471539322e-06	1.5929854471539322e-06	1.5929854471539322e-06
4.0	4.999575036121927e-06	4.999575036121927e-06	4.999575036121927e-06	0.9999150072243854	4.999575036121927e-06	4.999575036121927e-06	4.999575036121927e-06	4.999575036121927e-06	4.999575036121927e-06	4.999575036121927e-06	4.999575036121927e-06	4.999575036121927e-06	4.999575036121927e-06	4.999575036121927e-06	4.999575036121927e-06	4.999575036121927e-06	4.999575036121927e-06	4.999575036121927e-06
5.0	7.790522141910338e-06	0.05375364565220549	0.5425735982258351	7.790522141910338e-06	7.790522141910338e-06	7.790522141910338e-06	7.790522141910338e-06	7.790522141910338e-06	7.790522141910338e-06	7.790522141910338e-06	7.790522141910338e-06	7.790522141910338e-06	7.790522141910338e-06	7.790522141910338e-06	0.40355589828983096	7.790522141910338e-06	7.790522141910338e-06	7.790522141910338e-06
6.0	0.05555555555555556	0.05555555555555556	0.05555555555555556	0.05555555555555556	0.05555555555555556	0.05555555555555556	0.05555555555555556	0.05555555555555556	0.05555555555555556	0.05555555555555556	0.05555555555555556	0.05555555555555556	0.05555555555555556	0.05555555555555556	0.05555555555555556	0.05555555555555556	0.05555555555555556	0.05555555555555556
7.0	0.05555555555555556	0.05555555555555556	0.05555555555555556	0.05555555555555556	0.05555555555555556	0.05555555555555556	0.05555555555555556	0.05555555555555556	0.05555555555555556	0.05555555555555556	0.05555555555555556	0.05555555555555556	0.05555555555555556	0.05555555555555556	0.05555555555555556	0.05555555555555556	0.05555555555555556	0.05555555555555556
8.0	0.05555555555555556	0.05555555555555556	0.05555555555555556	0.05555555555555556	0.05555555555555556	0.05555555555555556	0.05555555555555556	0.05555555555555556	0.05555555555555556	0.05555555555555556	0.05555555555555556	0.05555555555555556	0.05555555555555556	0.05555555555555556	0.05555555555555556	0.05555555555555556	0.05555555555555556	0.05555555555555556
9.0	0.05555555555555556	0.05555555555555556	0.05555555555555556	0.05555555555555556	0.05555555555555556	0.05555555555555556	0.05555555555555556	0.05555555555555556	0.05555555555555556	0.05555555555555556	0.05555555555555556	0.05555555555555556	0.05555555555555556	0.05555555555555556	0.05555555555555556	0.05555555555555556	0.05555555555555556	0.05555555555555556
10.0	0.05555555555555556	0.05555555555555556	0.05555555555555556	0.05555555555555556	0.05555555555555556	0.05555555555555556	0.05555555555555556	0.05555555555555556	0.05555555555555556	0.05555555555555556	0.05555555555555556	0.05555555555555556	0.05555555555555556	0.05555555555555556	0.05555555555555556	0.05555555555555556	0.05555555555555556	0.05555555555555556
11.0	0.05555555555555556	0.05555555555555556	0.05555555555555556	0.05555555555555556	0.05555555555555556	0.05555555555555556	0.05555555555555556	0.05555555555555556	0.05555555555555556	0.05555555555555556	0.05555555555555556	0.05555555555555556	0.05555555555555556	0.05555555555555556	0.05555555555555556	0.05555555555555556	0.05555555555555556	0.05555555555555556
12.0	0.05555555555555556	0.05555555555555556	0.05555555555555556	0.05555555555555556	0.05555555555555556	0.05555555555555556	0.05555555555555556	0.05555555555555556	0.05555555555555556	0.05555555555555556	0.05555555555555556	0.05555555555555556	0.05555555555555556	0.05555555555555556	0.05555555555555556	0.05555555555555556	0.05555555555555556	0.05555555555555556
13.0	0.05555555555555556	0.05555555555555556	0.05555555555555556	0.05555555555555556	0.05555555555555556	0.05555555555555556	0.05555555555555556	0.05555555555555556	0.05555555555555556	0.05555555555555556	0.05555555555555556	0.05555555555555556	0.05555555555555556	0.05555555555555556	0.05555555555555556	0.05555555555555556	0.05555555555555556	0.05555555555555556
14.0	0.05555555555555556	0.05555555555555556	0.05555555555555556	0.05555555555555556	0.05555555555555556	0.05555555555555556	0.05555555555555556	0.05555555555555556	0.05555555555555556	0.05555555555555556	0.05555555555555556	0.05555555555555556	0.05555555555555556	0.05555555555555556	0.05555555555555556	0.05555555555555556	0.05555555555555556	0.05555555555555556
15.0	4.1794182720808495e-05	0.1174646384025639	4.1794182720808495e-05	4.1794182720808495e-05	4.1794182720808495e-05	4.1794182720808495e-05	4.1794182720808495e-05	4.1794182720808495e-05	4.1794182720808495e-05	4.1794182720808495e-05	4.1794182720808495e-05	4.1794182720808495e-05	4.1794182720808495e-05	4.1794182720808495e-05	0.8818666546739031	4.1794182720808495e-05	4.1794182720808495e-05	4.1794182720808495e-05
16.0	0.05555555555555556	0.05555555555555556	0.05555555555555556	0.05555555555555556	0.05555555555555556	0.05555555555555556	0.05555555555555556	0.05555555555555556	0.05555555555555556	0.05555555555555556	0.05555555555555556	0.05555555555555556	0.05555555555555556	0.05555555555555556	0.05555555555555556	0.05555555555555556	0.05555555555555556	0.05555555555555556
17.0	0.05555555555555556	0.05555555555555556	0.05555555555555556	0.05555555555555556	0.05555555555555556	0.05555555555555556	0.05555555555555556	0.05555555555555556	0.05555555555555556	0.05555555555555556	0.05555555555555556	0.05555555555555556	0.05555555555555556	0.05555555555555556	0.05555555555555556	0.05555555555555556	0.05555555555555556	0.05555555555555556
18.0	0.05555555555555556	0.05555555555555556	0.05555555555555556	0.05555555555555556	0.05555555555555556	0.05555555555555556	0.05555555555555556	0.05555555555555556	0.05555555555555556	0.05555555555555556	0.05555555555555556	0.05555555555555556	0.05555555555555556	0.05555555555555556	0.05555555555555556	0.05555555555555556	0.05555555555555556	0.05555555555555556
