	(5-6)-1.0	(5-6)-2.0	(5-6)-3.0	(5-6)-4.0	(5-6)-14.0	(5-6)-7.0	(5-6)-16.0	(5-6)-36.0	(5-6)-38.0	(5-6)-41.0	(5-6)-49.0	(5-6)-51.0	(5-6)-60.0	(5-6)-62.0	(5-6)-63.0	(5-6)-64.0	(5-6)-65.0	(5-6)-5.0	(5-6)-18.0	(5-6)-76.0	(5-6)-80.0	(5-6)-93.0	(5-6)-95.0	(5-6)-32.0	(5-6)-99.0	(5-6)-107.0	(5-6)-111.0	(5-6)-12.0	(5-6)-121.0
1.0	0.9999745461024638	9.090677691840581e-07	9.090677691840581e-07	9.090677691840581e-07	9.090677691840581e-07	9.090677691840581e-07	9.090677691840581e-07	9.090677691840581e-07	9.090677691840581e-07	9.090677691840581e-07	9.090677691840581e-07	9.090677691840581e-07	9.090677691840581e-07	9.090677691840581e-07	9.090677691840581e-07	9.090677691840581e-07	9.090677691840581e-07	9.090677691840581e-07	9.090677691840581e-07	9.090677691840581e-07	9.090677691840581e-07	9.090677691840581e-07	9.090677691840581e-07	9.090677691840581e-07	9.090677691840581e-07	9.090677691840581e-07	9.090677691840581e-07	9.090677691840581e-07	9.090677691840581e-07
2.0	0.03448275862068965	0.03448275862068965	0.03448275862068965	0.03448275862068965	0.03448275862068965	0.03448275862068965	0.03448275862068965	0.03448275862068965	0.03448275862068965	0.03448275862068965	0.03448275862068965	0.03448275862068965	0.03448275862068965	0.03448275862068965	0.03448275862068965	0.03448275862068965	0.03448275862068965	0.03448275862068965	0.03448275862068965	0.03448275862068965	0.03448275862068965	0.03448275862068965	0.03448275862068965	0.03448275862068965	0.03448275862068965	0.03448275862068965	0.03448275862068965	0.03448275862068965	0.03448275862068965
3.0	0.03448275862068965	0.03448275862068965	0.03448275862068965	0.03448275862068965	0.03448275862068965	0.03448275862068965	0.03448275862068965	0.03448275862068965	0.03448275862068965	0.03448275862068965	0.03448275862068965	0.03448275862068965	0.03448275862068965	0.03448275862068965	0.03448275862068965	0.03448275862068965	0.03448275862068965	0.03448275862068965	0.03448275862068965	0.03448275862068965	0.03448275862068965	0.03448275862068965	0.03448275862068965	0.03448275862068965	0.03448275862068965	0.03448275862068965	0.03448275862068965	0.03448275862068965	0.03448275862068965
4.0	0.03448275862068965	0.03448275862068965	0.03448275862068965	0.03448275862068965	0.03448275862068965	0.03448275862068965	0.03448275862068965	0.03448275862068965	0.03448275862068965	0.03448275862068965	0.03448275862068965	0.03448275862068965	0.03448275862068965	0.03448275862068965	0.03448275862068965	0.03448275862068965	0.03448275862068965	0.03448275862068965	0.03448275862068965	0.03448275862068965	0.03448275862068965	0.03448275862068965	0.03448275862068965	0.03448275862068965	0.03448275862068965	0.03448275862068965	0.03448275862068965	0.03448275862068965	0.03448275862068965
14.0	0.03448275862068965	0.03448275862068965	0.03448275862068965	0.03448275862068965	0.03448275862068965	0.03448275862068965	0.03448275862068965	0.03448275862068965	0.03448275862068965	0.03448275862068965	0.03448275862068965	0.03448275862068965	0.03448275862068965	0.03448275862068965	0.03448275862068965	0.03448275862068965	0.03448275862068965	0.03448275862068965	0.03448275862068965	0.03448275862068965	0.03448275862068965	0.03448275862068965	0.03448275862068965	0.03448275862068965	0.03448275862068965	0.03448275862068965	0.03448275862068965	0.03448275862068965	0.03448275862068965
7.0	0.03448275862068965	0.03448275862068965	0.03448275862068965	0.03448275862068965	0.03448275862068965	0.03448275862068965	0.03448275862068965	0.03448275862068965	0.03448275862068965	0.03448275862068965	0.03448275862068965	0.03448275862068965	0.03448275862068965	0.03448275862068965	0.03448275862068965	0.03448275862068965	0.03448275862068965	0.03448275862068965	0.03448275862068965	0.03448275862068965	0.03448275862068965	0.03448275862068965	0.03448275862068965	0.03448275862068965	0.03448275862068965	0.03448275862068965	0.03448275862068965	0.03448275862068965	0.03448275862068965
16.0	9.997300728803224e-06	9.997300728803224e-06	9.997300728803224e-06	9.997300728803224e-06	9.997300728803224e-06	9.997300728803224e-06	0.9207998602733174	9.997300728803224e-06	9.997300728803224e-06	9.997300728803224e-06	9.997300728803224e-06	9.997300728803224e-06	9.997300728803224e-06	9.997300728803224e-06	9.997300728803224e-06	9.997300728803224e-06	9.997300728803224e-06	0.07893021260700475	9.997300728803224e-06	9.997300728803224e-06	9.997300728803224e-06	9.997300728803224e-06	9.997300728803224e-06	9.997300728803224e-06	9.997300728803224e-06	9.997300728803224e-06	9.997300728803224e-06	9.997300728803224e-06	9.997300728803224e-06
36.0	0.03448275862068965	0.03448275862068965	0.03448275862068965	0.03448275862068965	0.03448275862068965	0.03448275862068965	0.03448275862068965	0.03448275862068965	0.03448275862068965	0.03448275862068965	0.03448275862068965	0.03448275862068965	0.03448275862068965	0.03448275862068965	0.03448275862068965	0.03448275862068965	0.03448275862068965	0.03448275862068965	0.03448275862068965	0.03448275862068965	0.03448275862068965	0.03448275862068965	0.03448275862068965	0.03448275862068965	0.03448275862068965	0.03448275862068965	0.03448275862068965	0.03448275862068965	0.03448275862068965
38.0	0.03448275862068965	0.03448275862068965	0.03448275862068965	0.03448275862068965	0.03448275862068965	0.03448275862068965	0.03448275862068965	0.03448275862068965	0.03448275862068965	0.03448275862068965	0.03448275862068965	0.03448275862068965	0.03448275862068965	0.03448275862068965	0.03448275862068965	0.03448275862068965	0.03448275862068965	0.03448275862068965	0.03448275862068965	0.03448275862068965	0.03448275862068965	0.03448275862068965	0.03448275862068965	0.03448275862068965	0.03448275862068965	0.03448275862068965	0.03448275862068965	0.03448275862068965	0.03448275862068965
41.0	0.03448275862068965	0.03448275862068965	0.03448275862068965	0.03448275862068965	0.03448275862068965	0.03448275862068965	0.03448275862068965	0.03448275862068965	0.03448275862068965	0.03448275862068965	0.03448275862068965	0.03448275862068965	0.03448275862068965	0.03448275862068965	0.03448275862068965	0.03448275862068965	0.03448275862068965	0.03448275862068965	0.03448275862068965	0.03448275862068965	0.03448275862068965	0.03448275862068965	0.03448275862068965	0.03448275862068965	0.03448275862068965	0.03448275862068965	0.03448275862068965	0.03448275862068965	0.03448275862068965
49.0	0.03448275862068965	0.03448275862068965	0.03448275862068965	0.03448275862068965	0.03448275862068965	0.03448275862068965	0.03448275862068965	0.03448275862068965	0.03448275862068965	0.03448275862068965	0.03448275862068965	0.03448275862068965	0.03448275862068965	0.03448275862068965	0.03448275862068965	0.03448275862068965	0.03448275862068965	0.03448275862068965	0.03448275862068965	0.03448275862068965	0.03448275862068965	0.03448275862068965	0.03448275862068965	0.03448275862068965	0.03448275862068965	0.03448275862068965	0.03448275862068965	0.03448275862068965	0.03448275862068965
51.0	0.03448275862068965	0.03448275862068965	0.03448275862068965	0.03448275862068965	0.03448275862068965	0.03448275862068965	0.03448275862068965	0.03448275862068965	0.03448275862068965	0.03448275862068965	0.03448275862068965	0.03448275862068965	0.03448275862068965	0.03448275862068965	0.03448275862068965	0.03448275862068965	0.03448275862068965	0.03448275862068965	0.03448275862068965	0.03448275862068965	0.03448275862068965	0.03448275862068965	0.03448275862068965	0.03448275862068965	0.03448275862068965	0.03448275862068965	0.03448275862068965	0.03448275862068965	0.03448275862068965
60.0	0.0004534805653678899	0.0004534805653678899	0.0004534805653678899	0.0004534805653678899	0.0004534805653678899	0.0004534805653678899	0.0004534805653678899	0.0004534805653678899	0.0004534805653678899	0.0004534805653678899	0.0004534805653678899	0.0004534805653678899	0.0004534805653678899	0.0004534805653678899	0.8395926210248071	0.14816340371026007	0.0004534805653678899	0.0004534805653678899	0.0004534805653678899	0.0004534805653678899	0.0004534805653678899	0.0004534805653678899	0.0004534805653678899	0.0004534805653678899	0.0004534805653678899	0.0004534805653678899	0.0004534805653678899	0.0004534805653678899	0.0004534805653678899
62.0	1.1791629271717072e-05	1.1791629271717072e-05	1.1791629271717072e-05	1.1791629271717072e-05	1.1791629271717072e-05	1.1791629271717072e-05	1.1791629271717072e-05	1.1791629271717072e-05	1.1791629271717072e-05	1.1791629271717072e-05	1.1791629271717072e-05	1.1791629271717072e-05	1.1791629271717072e-05	1.1791629271717072e-05	0.8497293821082146	0.14995224390144965	1.1791629271717072e-05	1.1791629271717072e-05	1.1791629271717072e-05	1.1791629271717072e-05	1.1791629271717072e-05	1.1791629271717072e-05	1.1791629271717072e-05	1.1791629271717072e-05	1.1791629271717072e-05	1.1791629271717072e-05	1.1791629271717072e-05	1.1791629271717072e-05	1.1791629271717072e-05
63.0	7.651161407282392e-05	7.651161407282392e-05	7.651161407282392e-05	7.651161407282392e-05	7.651161407282392e-05	7.651161407282392e-05	7.651161407282392e-05	7.651161407282392e-05	7.651161407282392e-05	7.651161407282392e-05	7.651161407282392e-05	7.651161407282392e-05	7.651161407282392e-05	7.651161407282392e-05	0.8482440584570279	0.1496901279630049	7.651161407282392e-05	7.651161407282392e-05	7.651161407282392e-05	7.651161407282392e-05	7.651161407282392e-05	7.651161407282392e-05	7.651161407282392e-05	7.651161407282392e-05	7.651161407282392e-05	7.651161407282392e-05	7.651161407282392e-05	7.651161407282392e-05	7.651161407282392e-05
64.0	0.03448275862068965	0.03448275862068965	0.03448275862068965	0.03448275862068965	0.03448275862068965	0.03448275862068965	0.03448275862068965	0.03448275862068965	0.03448275862068965	0.03448275862068965	0.03448275862068965	0.03448275862068965	0.03448275862068965	0.03448275862068965	0.03448275862068965	0.03448275862068965	0.03448275862068965	0.03448275862068965	0.03448275862068965	0.03448275862068965	0.03448275862068965	0.03448275862068965	0.03448275862068965	0.03448275862068965	0.03448275862068965	0.03448275862068965	0.03448275862068965	0.03448275862068965	0.03448275862068965
65.0	0.03448275862068965	0.03448275862068965	0.03448275862068965	0.03448275862068965	0.03448275862068965	0.03448275862068965	0.03448275862068965	0.03448275862068965	0.03448275862068965	0.03448275862068965	0.03448275862068965	0.03448275862068965	0.03448275862068965	0.03448275862068965	0.03448275862068965	0.03448275862068965	0.03448275862068965	0.03448275862068965	0.03448275862068965	0.03448275862068965	0.03448275862068965	0.03448275862068965	0.03448275862068965	0.03448275862068965	0.03448275862068965	0.03448275862068965	0.03448275862068965	0.03448275862068965	0.03448275862068965
5.0	0.03448275862068965	0.03448275862068965	0.03448275862068965	0.03448275862068965	0.03448275862068965	0.03448275862068965	0.03448275862068965	0.03448275862068965	0.03448275862068965	0.03448275862068965	0.03448275862068965	0.03448275862068965	0.03448275862068965	0.03448275862068965	0.03448275862068965	0.03448275862068965	0.03448275862068965	0.03448275862068965	0.03448275862068965	0.03448275862068965	0.03448275862068965	0.03448275862068965	0.03448275862068965	0.03448275862068965	0.03448275862068965	0.03448275862068965	0.03448275862068965	0.03448275862068965	0.03448275862068965
18.0	0.03448275862068965	0.03448275862068965	0.03448275862068965	0.03448275862068965	0.03448275862068965	0.03448275862068965	0.03448275862068965	0.03448275862068965	0.03448275862068965	0.03448275862068965	0.03448275862068965	0.03448275862068965	0.03448275862068965	0.03448275862068965	0.03448275862068965	0.03448275862068965	0.03448275862068965	0.03448275862068965	0.03448275862068965	0.03448275862068965	0.03448275862068965	0.03448275862068965	0.03448275862068965	0.03448275862068965	0.03448275862068965	0.03448275862068965	0.03448275862068965	0.03448275862068965	0.03448275862068965
76.0	0.03448275862068965	0.03448275862068965	0.03448275862068965	0.03448275862068965	0.03448275862068965	0.03448275862068965	0.03448275862068965	0.03448275862068965	0.03448275862068965	0.03448275862068965	0.03448275862068965	0.03448275862068965	0.03448275862068965	0.03448275862068965	0.03448275862068965	0.03448275862068965	0.03448275862068965	0.03448275862068965	0.03448275862068965	0.03448275862068965	0.03448275862068965	0.03448275862068965	0.03448275862068965	0.03448275862068965	0.03448275862068965	0.03448275862068965	0.03448275862068965	0.03448275862068965	0.03448275862068965
80.0	0.03448275862068965	0.03448275862068965	0.03448275862068965	0.03448275862068965	0.03448275862068965	0.03448275862068965	0.03448275862068965	0.03448275862068965	0.03448275862068965	0.03448275862068965	0.03448275862068965	0.03448275862068965	0.03448275862068965	0.03448275862068965	0.03448275862068965	0.03448275862068965	0.03448275862068965	0.03448275862068965	0.03448275862068965	0.03448275862068965	0.03448275862068965	0.03448275862068965	0.03448275862068965	0.03448275862068965	0.03448275862068965	0.03448275862068965	0.03448275862068965	0.03448275862068965	0.03448275862068965
93.0	0.03448275862068965	0.03448275862068965	0.03448275862068965	0.03448275862068965	0.03448275862068965	0.03448275862068965	0.03448275862068965	0.03448275862068965	0.03448275862068965	0.03448275862068965	0.03448275862068965	0.03448275862068965	0.03448275862068965	0.03448275862068965	0.03448275862068965	0.03448275862068965	0.03448275862068965	0.03448275862068965	0.03448275862068965	0.03448275862068965	0.03448275862068965	0.03448275862068965	0.03448275862068965	0.03448275862068965	0.03448275862068965	0.03448275862068965	0.03448275862068965	0.03448275862068965	0.03448275862068965
95.0	0.03448275862068965	0.03448275862068965	0.03448275862068965	0.03448275862068965	0.03448275862068965	0.03448275862068965	0.03448275862068965	0.03448275862068965	0.03448275862068965	0.03448275862068965	0.03448275862068965	0.03448275862068965	0.03448275862068965	0.03448275862068965	0.03448275862068965	0.03448275862068965	0.03448275862068965	0.03448275862068965	0.03448275862068965	0.03448275862068965	0.03448275862068965	0.03448275862068965	0.03448275862068965	0.03448275862068965	0.03448275862068965	0.03448275862068965	0.03448275862068965	0.03448275862068965	0.03448275862068965
32.0	0.03448275862068965	0.03448275862068965	0.03448275862068965	0.03448275862068965	0.03448275862068965	0.03448275862068965	0.03448275862068965	0.03448275862068965	0.03448275862068965	0.03448275862068965	0.03448275862068965	0.03448275862068965	0.03448275862068965	0.03448275862068965	0.03448275862068965	0.03448275862068965	0.03448275862068965	0.03448275862068965	0.03448275862068965	0.03448275862068965	0.03448275862068965	0.03448275862068965	0.03448275862068965	0.03448275862068965	0.03448275862068965	0.03448275862068965	0.03448275862068965	0.03448275862068965	0.03448275862068965
99.0	0.03448275862068965	0.03448275862068965	0.03448275862068965	0.03448275862068965	0.03448275862068965	0.03448275862068965	0.03448275862068965	0.03448275862068965	0.03448275862068965	0.03448275862068965	0.03448275862068965	0.03448275862068965	0.03448275862068965	0.03448275862068965	0.03448275862068965	0.03448275862068965	0.03448275862068965	0.03448275862068965	0.03448275862068965	0.03448275862068965	0.03448275862068965	0.03448275862068965	0.03448275862068965	0.03448275862068965	0.03448275862068965	0.03448275862068965	0.03448275862068965	0.03448275862068965	0.03448275862068965
107.0	0.03448275862068965	0.03448275862068965	0.03448275862068965	0.03448275862068965	0.03448275862068965	0.03448275862068965	0.03448275862068965	0.03448275862068965	0.03448275862068965	0.03448275862068965	0.03448275862068965	0.03448275862068965	0.03448275862068965	0.03448275862068965	0.03448275862068965	0.03448275862068965	0.03448275862068965	0.03448275862068965	0.03448275862068965	0.03448275862068965	0.03448275862068965	0.03448275862068965	0.03448275862068965	0.03448275862068965	0.03448275862068965	0.03448275862068965	0.03448275862068965	0.03448275862068965	0.03448275862068965
111.0	0.03448275862068965	0.03448275862068965	0.03448275862068965	0.03448275862068965	0.03448275862068965	0.03448275862068965	0.03448275862068965	0.03448275862068965	0.03448275862068965	0.03448275862068965	0.03448275862068965	0.03448275862068965	0.03448275862068965	0.03448275862068965	0.03448275862068965	0.03448275862068965	0.03448275862068965	0.03448275862068965	0.03448275862068965	0.03448275862068965	0.03448275862068965	0.03448275862068965	0.03448275862068965	0.03448275862068965	0.03448275862068965	0.03448275862068965	0.03448275862068965	0.03448275862068965	0.03448275862068965
12.0	0.03448275862068965	0.03448275862068965	0.03448275862068965	0.03448275862068965	0.03448275862068965	0.03448275862068965	0.03448275862068965	0.03448275862068965	0.03448275862068965	0.03448275862068965	0.03448275862068965	0.03448275862068965	0.03448275862068965	0.03448275862068965	0.03448275862068965	0.03448275862068965	0.03448275862068965	0.03448275862068965	0.03448275862068965	0.03448275862068965	0.03448275862068965	0.03448275862068965	0.03448275862068965	0.03448275862068965	0.03448275862068965	0.03448275862068965	0.03448275862068965	0.03448275862068965	0.03448275862068965
121.0	0.03448275862068965	0.03448275862068965	0.03448275862068965	0.03448275862068965	0.03448275862068965	0.03448275862068965	0.03448275862068965	0.03448275862068965	0.03448275862068965	0.03448275862068965	0.03448275862068965	0.03448275862068965	0.03448275862068965	0.03448275862068965	0.03448275862068965	0.03448275862068965	0.03448275862068965	0.03448275862068965	0.03448275862068965	0.03448275862068965	0.03448275862068965	0.03448275862068965	0.03448275862068965	0.03448275862068965	0.03448275862068965	0.03448275862068965	0.03448275862068965	0.03448275862068965	0.03448275862068965
