	(14-15)-1.0	(14-15)-2.0	(14-15)-3.0	(14-15)-4.0	(14-15)-5.0	(14-15)-6.0	(14-15)-7.0	(14-15)-8.0	(14-15)-9.0	(14-15)-10.0	(14-15)-11.0	(14-15)-12.0	(14-15)-13.0	(14-15)-14.0	(14-15)-15.0	(14-15)-16.0	(14-15)-17.0
1.0	2.9080843370414015e-05	2.9080843370414015e-05	2.9080843370414015e-05	2.9080843370414015e-05	2.9080843370414015e-05	2.9080843370414015e-05	2.9080843370414015e-05	2.9080843370414015e-05	2.9080843370414015e-05	0.9995347065060732	2.9080843370414015e-05	2.9080843370414015e-05	2.9080843370414015e-05	2.9080843370414015e-05	2.9080843370414015e-05	2.9080843370414015e-05	2.9080843370414015e-05
2.0	4.323909161026691e-06	0.5031432204720379	4.323909161026691e-06	4.323909161026691e-06	4.323909161026691e-06	4.323909161026691e-06	4.323909161026691e-06	4.323909161026691e-06	4.323909161026691e-06	0.13515763306640713	4.323909161026691e-06	4.323909161026691e-06	4.323909161026691e-06	0.36163861173330025	4.323909161026691e-06	4.323909161026691e-06	4.323909161026691e-06
3.0	9.998500224966248e-06	9.998500224966248e-06	0.7418554270672788	0.25799459542934583	9.998500224966248e-06	9.998500224966248e-06	9.998500224966248e-06	9.998500224966248e-06	9.998500224966248e-06	9.998500224966248e-06	9.998500224966248e-06	9.998500224966248e-06	9.998500224966248e-06	9.998500224966248e-06	9.998500224966248e-06	9.998500224966248e-06	9.998500224966248e-06
4.0	0.058823529411764705	0.058823529411764705	0.058823529411764705	0.058823529411764705	0.058823529411764705	0.058823529411764705	0.058823529411764705	0.058823529411764705	0.058823529411764705	0.058823529411764705	0.058823529411764705	0.058823529411764705	0.058823529411764705	0.058823529411764705	0.058823529411764705	0.058823529411764705	0.058823529411764705
5.0	9.998400255959039e-06	9.998400255959039e-06	9.998400255959039e-06	9.998400255959039e-06	0.9998400255959038	9.998400255959039e-06	9.998400255959039e-06	9.998400255959039e-06	9.998400255959039e-06	9.998400255959039e-06	9.998400255959039e-06	9.998400255959039e-06	9.998400255959039e-06	9.998400255959039e-06	9.998400255959039e-06	9.998400255959039e-06	9.998400255959039e-06
6.0	1.999936002047936e-06	1.999936002047936e-06	1.999936002047936e-06	1.999936002047936e-06	1.999936002047936e-06	0.9999680010239681	1.999936002047936e-06	1.999936002047936e-06	1.999936002047936e-06	1.999936002047936e-06	1.999936002047936e-06	1.999936002047936e-06	1.999936002047936e-06	1.999936002047936e-06	1.999936002047936e-06	1.999936002047936e-06	1.999936002047936e-06
7.0	9.99840025595904e-06	9.99840025595904e-06	9.99840025595904e-06	9.99840025595904e-06	9.99840025595904e-06	9.99840025595904e-06	0.999840025595904	9.99840025595904e-06	9.99840025595904e-06	9.99840025595904e-06	9.99840025595904e-06	9.99840025595904e-06	9.99840025595904e-06	9.99840025595904e-06	9.99840025595904e-06	9.99840025595904e-06	9.99840025595904e-06
8.0	0.058823529411764705	0.058823529411764705	0.058823529411764705	0.058823529411764705	0.058823529411764705	0.058823529411764705	0.058823529411764705	0.058823529411764705	0.058823529411764705	0.058823529411764705	0.058823529411764705	0.058823529411764705	0.058823529411764705	0.058823529411764705	0.058823529411764705	0.058823529411764705	0.058823529411764705
9.0	0.058823529411764705	0.058823529411764705	0.058823529411764705	0.058823529411764705	0.058823529411764705	0.058823529411764705	0.058823529411764705	0.058823529411764705	0.058823529411764705	0.058823529411764705	0.058823529411764705	0.058823529411764705	0.058823529411764705	0.058823529411764705	0.058823529411764705	0.058823529411764705	0.058823529411764705
10.0	2.9080843370414015e-05	2.9080843370414015e-05	2.9080843370414015e-05	2.9080843370414015e-05	2.9080843370414015e-05	2.9080843370414015e-05	2.9080843370414015e-05	2.9080843370414015e-05	2.9080843370414015e-05	0.9995347065060732	2.9080843370414015e-05	2.9080843370414015e-05	2.9080843370414015e-05	2.9080843370414015e-05	2.9080843370414015e-05	2.9080843370414015e-05	2.9080843370414015e-05
11.0	0.058823529411764705	0.058823529411764705	0.058823529411764705	0.058823529411764705	0.058823529411764705	0.058823529411764705	0.058823529411764705	0.058823529411764705	0.058823529411764705	0.058823529411764705	0.058823529411764705	0.058823529411764705	0.058823529411764705	0.058823529411764705	0.058823529411764705	0.058823529411764705	0.058823529411764705
12.0	0.058823529411764705	0.058823529411764705	0.058823529411764705	0.058823529411764705	0.058823529411764705	0.058823529411764705	0.058823529411764705	0.058823529411764705	0.058823529411764705	0.058823529411764705	0.058823529411764705	0.058823529411764705	0.058823529411764705	0.058823529411764705	0.058823529411764705	0.058823529411764705	0.058823529411764705
13.0	0.058823529411764705	0.058823529411764705	0.058823529411764705	0.058823529411764705	0.058823529411764705	0.058823529411764705	0.058823529411764705	0.058823529411764705	0.058823529411764705	0.058823529411764705	0.058823529411764705	0.058823529411764705	0.058823529411764705	0.058823529411764705	0.058823529411764705	0.058823529411764705	0.058823529411764705
14.0	0.058823529411764705	0.058823529411764705	0.058823529411764705	0.058823529411764705	0.058823529411764705	0.058823529411764705	0.058823529411764705	0.058823529411764705	0.058823529411764705	0.058823529411764705	0.058823529411764705	0.058823529411764705	0.058823529411764705	0.058823529411764705	0.058823529411764705	0.058823529411764705	0.058823529411764705
15.0	0.058823529411764705	0.058823529411764705	0.058823529411764705	0.058823529411764705	0.058823529411764705	0.058823529411764705	0.058823529411764705	0.058823529411764705	0.058823529411764705	0.058823529411764705	0.058823529411764705	0.058823529411764705	0.058823529411764705	0.058823529411764705	0.058823529411764705	0.058823529411764705	0.058823529411764705
16.0	0.058823529411764705	0.058823529411764705	0.058823529411764705	0.058823529411764705	0.058823529411764705	0.058823529411764705	0.058823529411764705	0.058823529411764705	0.058823529411764705	0.058823529411764705	0.058823529411764705	0.058823529411764705	0.058823529411764705	0.058823529411764705	0.058823529411764705	0.058823529411764705	0.058823529411764705
17.0	0.058823529411764705	0.058823529411764705	0.058823529411764705	0.058823529411764705	0.058823529411764705	0.058823529411764705	0.058823529411764705	0.058823529411764705	0.058823529411764705	0.058823529411764705	0.058823529411764705	0.058823529411764705	0.058823529411764705	0.058823529411764705	0.058823529411764705	0.058823529411764705	0.058823529411764705
