	(13-14)-1.0	(13-14)-2.0	(13-14)-3.0	(13-14)-4.0	(13-14)-5.0	(13-14)-6.0	(13-14)-7.0	(13-14)-8.0	(13-14)-9.0	(13-14)-10.0	(13-14)-11.0	(13-14)-12.0	(13-14)-13.0	(13-14)-14.0	(13-14)-15.0	(13-14)-16.0	(13-14)-17.0	(13-14)-18.0
1.0	0.05555555555555556	0.05555555555555556	0.05555555555555556	0.05555555555555556	0.05555555555555556	0.05555555555555556	0.05555555555555556	0.05555555555555556	0.05555555555555556	0.05555555555555556	0.05555555555555556	0.05555555555555556	0.05555555555555556	0.05555555555555556	0.05555555555555556	0.05555555555555556	0.05555555555555556	0.05555555555555556
2.0	0.05555555555555556	0.05555555555555556	0.05555555555555556	0.05555555555555556	0.05555555555555556	0.05555555555555556	0.05555555555555556	0.05555555555555556	0.05555555555555556	0.05555555555555556	0.05555555555555556	0.05555555555555556	0.05555555555555556	0.05555555555555556	0.05555555555555556	0.05555555555555556	0.05555555555555556	0.05555555555555556
3.0	9.99983000288996e-07	9.99983000288996e-07	0.9999830002889958	9.99983000288996e-07	9.99983000288996e-07	9.99983000288996e-07	9.99983000288996e-07	9.99983000288996e-07	9.99983000288996e-07	9.99983000288996e-07	9.99983000288996e-07	9.99983000288996e-07	9.99983000288996e-07	9.99983000288996e-07	9.99983000288996e-07	9.99983000288996e-07	9.99983000288996e-07	9.99983000288996e-07
4.0	4.999575036121927e-06	4.999575036121927e-06	4.999575036121927e-06	0.9999150072243854	4.999575036121927e-06	4.999575036121927e-06	4.999575036121927e-06	4.999575036121927e-06	4.999575036121927e-06	4.999575036121927e-06	4.999575036121927e-06	4.999575036121927e-06	4.999575036121927e-06	4.999575036121927e-06	4.999575036121927e-06	4.999575036121927e-06	4.999575036121927e-06	4.999575036121927e-06
5.0	0.05555555555555556	0.05555555555555556	0.05555555555555556	0.05555555555555556	0.05555555555555556	0.05555555555555556	0.05555555555555556	0.05555555555555556	0.05555555555555556	0.05555555555555556	0.05555555555555556	0.05555555555555556	0.05555555555555556	0.05555555555555556	0.05555555555555556	0.05555555555555556	0.05555555555555556	0.05555555555555556
6.0	9.99840025595904e-06	9.99840025595904e-06	9.99840025595904e-06	9.99840025595904e-06	0.32138862924972805	0.6784513963461759	9.99840025595904e-06	9.99840025595904e-06	9.99840025595904e-06	9.99840025595904e-06	9.99840025595904e-06	9.99840025595904e-06	9.99840025595904e-06	9.99840025595904e-06	9.99840025595904e-06	9.99840025595904e-06	9.99840025595904e-06	9.99840025595904e-06
7.0	0.05555555555555556	0.05555555555555556	0.05555555555555556	0.05555555555555556	0.05555555555555556	0.05555555555555556	0.05555555555555556	0.05555555555555556	0.05555555555555556	0.05555555555555556	0.05555555555555556	0.05555555555555556	0.05555555555555556	0.05555555555555556	0.05555555555555556	0.05555555555555556	0.05555555555555556	0.05555555555555556
8.0	9.998300288950872e-06	9.998300288950872e-06	9.998300288950872e-06	9.998300288950872e-06	9.998300288950872e-06	9.998300288950872e-06	9.998300288950872e-06	9.998300288950872e-06	0.9998300288950872	9.998300288950872e-06	9.998300288950872e-06	9.998300288950872e-06	9.998300288950872e-06	9.998300288950872e-06	9.998300288950872e-06	9.998300288950872e-06	9.998300288950872e-06	9.998300288950872e-06
9.0	0.05555555555555556	0.05555555555555556	0.05555555555555556	0.05555555555555556	0.05555555555555556	0.05555555555555556	0.05555555555555556	0.05555555555555556	0.05555555555555556	0.05555555555555556	0.05555555555555556	0.05555555555555556	0.05555555555555556	0.05555555555555556	0.05555555555555556	0.05555555555555556	0.05555555555555556	0.05555555555555556
10.0	0.05555555555555556	0.05555555555555556	0.05555555555555556	0.05555555555555556	0.05555555555555556	0.05555555555555556	0.05555555555555556	0.05555555555555556	0.05555555555555556	0.05555555555555556	0.05555555555555556	0.05555555555555556	0.05555555555555556	0.05555555555555556	0.05555555555555556	0.05555555555555556	0.05555555555555556	0.05555555555555556
11.0	0.05555555555555556	0.05555555555555556	0.05555555555555556	0.05555555555555556	0.05555555555555556	0.05555555555555556	0.05555555555555556	0.05555555555555556	0.05555555555555556	0.05555555555555556	0.05555555555555556	0.05555555555555556	0.05555555555555556	0.05555555555555556	0.05555555555555556	0.05555555555555556	0.05555555555555556	0.05555555555555556
12.0	0.05555555555555556	0.05555555555555556	0.05555555555555556	0.05555555555555556	0.05555555555555556	0.05555555555555556	0.05555555555555556	0.05555555555555556	0.05555555555555556	0.05555555555555556	0.05555555555555556	0.05555555555555556	0.05555555555555556	0.05555555555555556	0.05555555555555556	0.05555555555555556	0.05555555555555556	0.05555555555555556
13.0	0.05555555555555556	0.05555555555555556	0.05555555555555556	0.05555555555555556	0.05555555555555556	0.05555555555555556	0.05555555555555556	0.05555555555555556	0.05555555555555556	0.05555555555555556	0.05555555555555556	0.05555555555555556	0.05555555555555556	0.05555555555555556	0.05555555555555556	0.05555555555555556	0.05555555555555556	0.05555555555555556
14.0	0.05555555555555556	0.05555555555555556	0.05555555555555556	0.05555555555555556	0.05555555555555556	0.05555555555555556	0.05555555555555556	0.05555555555555556	0.05555555555555556	0.05555555555555556	0.05555555555555556	0.05555555555555556	0.05555555555555556	0.05555555555555556	0.05555555555555556	0.05555555555555556	0.05555555555555556	0.05555555555555556
15.0	0.05555555555555556	0.05555555555555556	0.05555555555555556	0.05555555555555556	0.05555555555555556	0.05555555555555556	0.05555555555555556	0.05555555555555556	0.05555555555555556	0.05555555555555556	0.05555555555555556	0.05555555555555556	0.05555555555555556	0.05555555555555556	0.05555555555555556	0.05555555555555556	0.05555555555555556	0.05555555555555556
16.0	0.05555555555555556	0.05555555555555556	0.05555555555555556	0.05555555555555556	0.05555555555555556	0.05555555555555556	0.05555555555555556	0.05555555555555556	0.05555555555555556	0.05555555555555556	0.05555555555555556	0.05555555555555556	0.05555555555555556	0.05555555555555556	0.05555555555555556	0.05555555555555556	0.05555555555555556	0.05555555555555556
17.0	0.05555555555555556	0.05555555555555556	0.05555555555555556	0.05555555555555556	0.05555555555555556	0.05555555555555556	0.05555555555555556	0.05555555555555556	0.05555555555555556	0.05555555555555556	0.05555555555555556	0.05555555555555556	0.05555555555555556	0.05555555555555556	0.05555555555555556	0.05555555555555556	0.05555555555555556	0.05555555555555556
18.0	0.05555555555555556	0.05555555555555556	0.05555555555555556	0.05555555555555556	0.05555555555555556	0.05555555555555556	0.05555555555555556	0.05555555555555556	0.05555555555555556	0.05555555555555556	0.05555555555555556	0.05555555555555556	0.05555555555555556	0.05555555555555556	0.05555555555555556	0.05555555555555556	0.05555555555555556	0.05555555555555556
