	(20-21)-1.0	(20-21)-2.0	(20-21)-3.0	(20-21)-4.0	(20-21)-5.0	(20-21)-6.0	(20-21)-7.0	(20-21)-8.0	(20-21)-9.0	(20-21)-10.0	(20-21)-11.0	(20-21)-12.0	(20-21)-13.0	(20-21)-14.0	(20-21)-15.0	(20-21)-16.0	(20-21)-17.0	(20-21)-18.0
1.0	0.05555555555555556	0.05555555555555556	0.05555555555555556	0.05555555555555556	0.05555555555555556	0.05555555555555556	0.05555555555555556	0.05555555555555556	0.05555555555555556	0.05555555555555556	0.05555555555555556	0.05555555555555556	0.05555555555555556	0.05555555555555556	0.05555555555555556	0.05555555555555556	0.05555555555555556	0.05555555555555556
2.0	0.05555555555555556	0.05555555555555556	0.05555555555555556	0.05555555555555556	0.05555555555555556	0.05555555555555556	0.05555555555555556	0.05555555555555556	0.05555555555555556	0.05555555555555556	0.05555555555555556	0.05555555555555556	0.05555555555555556	0.05555555555555556	0.05555555555555556	0.05555555555555556	0.05555555555555556	0.05555555555555556
3.0	8.595887555475715e-07	8.595887555475715e-07	0.9999853869911562	8.595887555475715e-07	8.595887555475715e-07	8.595887555475715e-07	8.595887555475715e-07	8.595887555475715e-07	8.595887555475715e-07	8.595887555475715e-07	8.595887555475715e-07	8.595887555475715e-07	8.595887555475715e-07	8.595887555475715e-07	8.595887555475715e-07	8.595887555475715e-07	8.595887555475715e-07	8.595887555475715e-07
4.0	4.999575036121927e-06	4.999575036121927e-06	4.999575036121927e-06	0.9999150072243854	4.999575036121927e-06	4.999575036121927e-06	4.999575036121927e-06	4.999575036121927e-06	4.999575036121927e-06	4.999575036121927e-06	4.999575036121927e-06	4.999575036121927e-06	4.999575036121927e-06	4.999575036121927e-06	4.999575036121927e-06	4.999575036121927e-06	4.999575036121927e-06	4.999575036121927e-06
5.0	0.05555555555555556	0.05555555555555556	0.05555555555555556	0.05555555555555556	0.05555555555555556	0.05555555555555556	0.05555555555555556	0.05555555555555556	0.05555555555555556	0.05555555555555556	0.05555555555555556	0.05555555555555556	0.05555555555555556	0.05555555555555556	0.05555555555555556	0.05555555555555556	0.05555555555555556	0.05555555555555556
6.0	0.05555555555555556	0.05555555555555556	0.05555555555555556	0.05555555555555556	0.05555555555555556	0.05555555555555556	0.05555555555555556	0.05555555555555556	0.05555555555555556	0.05555555555555556	0.05555555555555556	0.05555555555555556	0.05555555555555556	0.05555555555555556	0.05555555555555556	0.05555555555555556	0.05555555555555556	0.05555555555555556
7.0	1.599564918342213e-05	1.599564918342213e-05	0.9997280739638829	1.599564918342213e-05	1.599564918342213e-05	1.599564918342213e-05	1.599564918342213e-05	1.599564918342213e-05	1.599564918342213e-05	1.599564918342213e-05	1.599564918342213e-05	1.599564918342213e-05	1.599564918342213e-05	1.599564918342213e-05	1.599564918342213e-05	1.599564918342213e-05	1.599564918342213e-05	1.599564918342213e-05
8.0	0.05555555555555556	0.05555555555555556	0.05555555555555556	0.05555555555555556	0.05555555555555556	0.05555555555555556	0.05555555555555556	0.05555555555555556	0.05555555555555556	0.05555555555555556	0.05555555555555556	0.05555555555555556	0.05555555555555556	0.05555555555555556	0.05555555555555556	0.05555555555555556	0.05555555555555556	0.05555555555555556
9.0	2.665458325559079e-05	2.665458325559079e-05	0.9995468720846545	2.665458325559079e-05	2.665458325559079e-05	2.665458325559079e-05	2.665458325559079e-05	2.665458325559079e-05	2.665458325559079e-05	2.665458325559079e-05	2.665458325559079e-05	2.665458325559079e-05	2.665458325559079e-05	2.665458325559079e-05	2.665458325559079e-05	2.665458325559079e-05	2.665458325559079e-05	2.665458325559079e-05
10.0	0.05555555555555556	0.05555555555555556	0.05555555555555556	0.05555555555555556	0.05555555555555556	0.05555555555555556	0.05555555555555556	0.05555555555555556	0.05555555555555556	0.05555555555555556	0.05555555555555556	0.05555555555555556	0.05555555555555556	0.05555555555555556	0.05555555555555556	0.05555555555555556	0.05555555555555556	0.05555555555555556
11.0	0.05555555555555556	0.05555555555555556	0.05555555555555556	0.05555555555555556	0.05555555555555556	0.05555555555555556	0.05555555555555556	0.05555555555555556	0.05555555555555556	0.05555555555555556	0.05555555555555556	0.05555555555555556	0.05555555555555556	0.05555555555555556	0.05555555555555556	0.05555555555555556	0.05555555555555556	0.05555555555555556
12.0	1.019874351479898e-05	1.019874351479898e-05	1.019874351479898e-05	1.019874351479898e-05	1.019874351479898e-05	1.019874351479898e-05	1.019874351479898e-05	1.019874351479898e-05	1.019874351479898e-05	1.019874351479898e-05	1.019874351479898e-05	1.019874351479898e-05	0.5931097499913812	0.4067270701123821	1.019874351479898e-05	1.019874351479898e-05	1.019874351479898e-05	1.019874351479898e-05
13.0	0.0005048705155618914	0.0005048705155618914	0.0005048705155618914	0.0005048705155618914	0.0005048705155618914	0.0005048705155618914	0.0005048705155618914	0.0005048705155618914	0.0005048705155618914	0.0005048705155618914	0.0005048705155618914	0.0005048705155618914	0.5884146694318765	0.40350740231913346	0.0005048705155618914	0.0005048705155618914	0.0005048705155618914	0.0005048705155618914
14.0	0.05555555555555556	0.05555555555555556	0.05555555555555556	0.05555555555555556	0.05555555555555556	0.05555555555555556	0.05555555555555556	0.05555555555555556	0.05555555555555556	0.05555555555555556	0.05555555555555556	0.05555555555555556	0.05555555555555556	0.05555555555555556	0.05555555555555556	0.05555555555555556	0.05555555555555556	0.05555555555555556
15.0	0.05555555555555556	0.05555555555555556	0.05555555555555556	0.05555555555555556	0.05555555555555556	0.05555555555555556	0.05555555555555556	0.05555555555555556	0.05555555555555556	0.05555555555555556	0.05555555555555556	0.05555555555555556	0.05555555555555556	0.05555555555555556	0.05555555555555556	0.05555555555555556	0.05555555555555556	0.05555555555555556
16.0	0.05555555555555556	0.05555555555555556	0.05555555555555556	0.05555555555555556	0.05555555555555556	0.05555555555555556	0.05555555555555556	0.05555555555555556	0.05555555555555556	0.05555555555555556	0.05555555555555556	0.05555555555555556	0.05555555555555556	0.05555555555555556	0.05555555555555556	0.05555555555555556	0.05555555555555556	0.05555555555555556
17.0	0.05555555555555556	0.05555555555555556	0.05555555555555556	0.05555555555555556	0.05555555555555556	0.05555555555555556	0.05555555555555556	0.05555555555555556	0.05555555555555556	0.05555555555555556	0.05555555555555556	0.05555555555555556	0.05555555555555556	0.05555555555555556	0.05555555555555556	0.05555555555555556	0.05555555555555556	0.05555555555555556
18.0	2.725761168806388e-05	2.725761168806388e-05	0.9995366206013024	2.725761168806388e-05	2.725761168806388e-05	2.725761168806388e-05	2.725761168806388e-05	2.725761168806388e-05	2.725761168806388e-05	2.725761168806388e-05	2.725761168806388e-05	2.725761168806388e-05	2.725761168806388e-05	2.725761168806388e-05	2.725761168806388e-05	2.725761168806388e-05	2.725761168806388e-05	2.725761168806388e-05
