	(19-20)-1.0	(19-20)-2.0	(19-20)-3.0	(19-20)-4.0	(19-20)-5.0	(19-20)-6.0	(19-20)-7.0	(19-20)-8.0	(19-20)-9.0	(19-20)-10.0	(19-20)-11.0	(19-20)-12.0	(19-20)-13.0	(19-20)-14.0	(19-20)-15.0	(19-20)-16.0	(19-20)-17.0	(19-20)-18.0	(19-20)-19.0
1.0	2.1609558746793077e-06	2.1609558746793077e-06	0.8643823498717229	2.1609558746793077e-06	2.1609558746793077e-06	2.1609558746793077e-06	2.1609558746793077e-06	2.1609558746793077e-06	2.1609558746793077e-06	2.1609558746793077e-06	2.1609558746793077e-06	2.1609558746793077e-06	2.1609558746793077e-06	2.1609558746793077e-06	2.1609558746793077e-06	2.1609558746793077e-06	0.13558091387840876	2.1609558746793077e-06	2.1609558746793077e-06
2.0	0.052631578947368425	0.052631578947368425	0.052631578947368425	0.052631578947368425	0.052631578947368425	0.052631578947368425	0.052631578947368425	0.052631578947368425	0.052631578947368425	0.052631578947368425	0.052631578947368425	0.052631578947368425	0.052631578947368425	0.052631578947368425	0.052631578947368425	0.052631578947368425	0.052631578947368425	0.052631578947368425	0.052631578947368425
3.0	3.68379995073186e-06	3.68379995073186e-06	0.9999336916008864	3.68379995073186e-06	3.68379995073186e-06	3.68379995073186e-06	3.68379995073186e-06	3.68379995073186e-06	3.68379995073186e-06	3.68379995073186e-06	3.68379995073186e-06	3.68379995073186e-06	3.68379995073186e-06	3.68379995073186e-06	3.68379995073186e-06	3.68379995073186e-06	3.68379995073186e-06	3.68379995073186e-06	3.68379995073186e-06
4.0	0.052631578947368425	0.052631578947368425	0.052631578947368425	0.052631578947368425	0.052631578947368425	0.052631578947368425	0.052631578947368425	0.052631578947368425	0.052631578947368425	0.052631578947368425	0.052631578947368425	0.052631578947368425	0.052631578947368425	0.052631578947368425	0.052631578947368425	0.052631578947368425	0.052631578947368425	0.052631578947368425	0.052631578947368425
5.0	9.998200323941681e-06	9.998200323941681e-06	0.9998200323941681	9.998200323941681e-06	9.998200323941681e-06	9.998200323941681e-06	9.998200323941681e-06	9.998200323941681e-06	9.998200323941681e-06	9.998200323941681e-06	9.998200323941681e-06	9.998200323941681e-06	9.998200323941681e-06	9.998200323941681e-06	9.998200323941681e-06	9.998200323941681e-06	9.998200323941681e-06	9.998200323941681e-06	9.998200323941681e-06
6.0	9.998200323941681e-06	9.998200323941681e-06	9.998200323941681e-06	9.998200323941681e-06	9.998200323941681e-06	0.9998200323941681	9.998200323941681e-06	9.998200323941681e-06	9.998200323941681e-06	9.998200323941681e-06	9.998200323941681e-06	9.998200323941681e-06	9.998200323941681e-06	9.998200323941681e-06	9.998200323941681e-06	9.998200323941681e-06	9.998200323941681e-06	9.998200323941681e-06	9.998200323941681e-06
7.0	7.777430068697248e-06	7.777430068697248e-06	0.9998600062587627	7.777430068697248e-06	7.777430068697248e-06	7.777430068697248e-06	7.777430068697248e-06	7.777430068697248e-06	7.777430068697248e-06	7.777430068697248e-06	7.777430068697248e-06	7.777430068697248e-06	7.777430068697248e-06	7.777430068697248e-06	7.777430068697248e-06	7.777430068697248e-06	7.777430068697248e-06	7.777430068697248e-06	7.777430068697248e-06
8.0	0.052631578947368425	0.052631578947368425	0.052631578947368425	0.052631578947368425	0.052631578947368425	0.052631578947368425	0.052631578947368425	0.052631578947368425	0.052631578947368425	0.052631578947368425	0.052631578947368425	0.052631578947368425	0.052631578947368425	0.052631578947368425	0.052631578947368425	0.052631578947368425	0.052631578947368425	0.052631578947368425	0.052631578947368425
9.0	9.998200323941681e-06	9.998200323941681e-06	0.9998200323941681	9.998200323941681e-06	9.998200323941681e-06	9.998200323941681e-06	9.998200323941681e-06	9.998200323941681e-06	9.998200323941681e-06	9.998200323941681e-06	9.998200323941681e-06	9.998200323941681e-06	9.998200323941681e-06	9.998200323941681e-06	9.998200323941681e-06	9.998200323941681e-06	9.998200323941681e-06	9.998200323941681e-06	9.998200323941681e-06
10.0	0.052631578947368425	0.052631578947368425	0.052631578947368425	0.052631578947368425	0.052631578947368425	0.052631578947368425	0.052631578947368425	0.052631578947368425	0.052631578947368425	0.052631578947368425	0.052631578947368425	0.052631578947368425	0.052631578947368425	0.052631578947368425	0.052631578947368425	0.052631578947368425	0.052631578947368425	0.052631578947368425	0.052631578947368425
11.0	0.052631578947368425	0.052631578947368425	0.052631578947368425	0.052631578947368425	0.052631578947368425	0.052631578947368425	0.052631578947368425	0.052631578947368425	0.052631578947368425	0.052631578947368425	0.052631578947368425	0.052631578947368425	0.052631578947368425	0.052631578947368425	0.052631578947368425	0.052631578947368425	0.052631578947368425	0.052631578947368425	0.052631578947368425
12.0	9.998200323941681e-06	9.998200323941681e-06	0.9998200323941681	9.998200323941681e-06	9.998200323941681e-06	9.998200323941681e-06	9.998200323941681e-06	9.998200323941681e-06	9.998200323941681e-06	9.998200323941681e-06	9.998200323941681e-06	9.998200323941681e-06	9.998200323941681e-06	9.998200323941681e-06	9.998200323941681e-06	9.998200323941681e-06	9.998200323941681e-06	9.998200323941681e-06	9.998200323941681e-06
13.0	0.052631578947368425	0.052631578947368425	0.052631578947368425	0.052631578947368425	0.052631578947368425	0.052631578947368425	0.052631578947368425	0.052631578947368425	0.052631578947368425	0.052631578947368425	0.052631578947368425	0.052631578947368425	0.052631578947368425	0.052631578947368425	0.052631578947368425	0.052631578947368425	0.052631578947368425	0.052631578947368425	0.052631578947368425
14.0	1.99932023112142e-05	1.99932023112142e-05	1.99932023112142e-05	1.99932023112142e-05	1.99932023112142e-05	1.99932023112142e-05	1.99932023112142e-05	1.99932023112142e-05	1.99932023112142e-05	1.99932023112142e-05	1.99932023112142e-05	1.99932023112142e-05	1.99932023112142e-05	0.9674442229369107	0.03221589262379912	1.99932023112142e-05	1.99932023112142e-05	1.99932023112142e-05	1.99932023112142e-05
15.0	1.99932023112142e-05	1.99932023112142e-05	1.99932023112142e-05	1.99932023112142e-05	1.99932023112142e-05	1.99932023112142e-05	1.99932023112142e-05	1.99932023112142e-05	1.99932023112142e-05	1.99932023112142e-05	1.99932023112142e-05	1.99932023112142e-05	1.99932023112142e-05	0.9674442229369107	0.03221589262379912	1.99932023112142e-05	1.99932023112142e-05	1.99932023112142e-05	1.99932023112142e-05
16.0	0.052631578947368425	0.052631578947368425	0.052631578947368425	0.052631578947368425	0.052631578947368425	0.052631578947368425	0.052631578947368425	0.052631578947368425	0.052631578947368425	0.052631578947368425	0.052631578947368425	0.052631578947368425	0.052631578947368425	0.052631578947368425	0.052631578947368425	0.052631578947368425	0.052631578947368425	0.052631578947368425	0.052631578947368425
17.0	2.682632009165134e-05	2.682632009165134e-05	2.682632009165134e-05	2.682632009165134e-05	2.682632009165134e-05	2.682632009165134e-05	2.682632009165134e-05	2.682632009165134e-05	2.682632009165134e-05	2.682632009165134e-05	2.682632009165134e-05	2.682632009165134e-05	2.682632009165134e-05	2.682632009165134e-05	2.682632009165134e-05	2.682632009165134e-05	0.9995171262383502	2.682632009165134e-05	2.682632009165134e-05
18.0	0.052631578947368425	0.052631578947368425	0.052631578947368425	0.052631578947368425	0.052631578947368425	0.052631578947368425	0.052631578947368425	0.052631578947368425	0.052631578947368425	0.052631578947368425	0.052631578947368425	0.052631578947368425	0.052631578947368425	0.052631578947368425	0.052631578947368425	0.052631578947368425	0.052631578947368425	0.052631578947368425	0.052631578947368425
19.0	0.052631578947368425	0.052631578947368425	0.052631578947368425	0.052631578947368425	0.052631578947368425	0.052631578947368425	0.052631578947368425	0.052631578947368425	0.052631578947368425	0.052631578947368425	0.052631578947368425	0.052631578947368425	0.052631578947368425	0.052631578947368425	0.052631578947368425	0.052631578947368425	0.052631578947368425	0.052631578947368425	0.052631578947368425
