	(20-21)-1.0	(20-21)-2.0	(20-21)-3.0	(20-21)-4.0	(20-21)-5.0	(20-21)-6.0	(20-21)-7.0	(20-21)-8.0	(20-21)-9.0	(20-21)-10.0	(20-21)-11.0	(20-21)-12.0	(20-21)-13.0	(20-21)-14.0	(20-21)-15.0	(20-21)-16.0	(20-21)-17.0	(20-21)-18.0	(20-21)-19.0
1.0	0.052631578947368425	0.052631578947368425	0.052631578947368425	0.052631578947368425	0.052631578947368425	0.052631578947368425	0.052631578947368425	0.052631578947368425	0.052631578947368425	0.052631578947368425	0.052631578947368425	0.052631578947368425	0.052631578947368425	0.052631578947368425	0.052631578947368425	0.052631578947368425	0.052631578947368425	0.052631578947368425	0.052631578947368425
2.0	0.052631578947368425	0.052631578947368425	0.052631578947368425	0.052631578947368425	0.052631578947368425	0.052631578947368425	0.052631578947368425	0.052631578947368425	0.052631578947368425	0.052631578947368425	0.052631578947368425	0.052631578947368425	0.052631578947368425	0.052631578947368425	0.052631578947368425	0.052631578947368425	0.052631578947368425	0.052631578947368425	0.052631578947368425
3.0	7.779781522452887e-07	7.779781522452887e-07	0.9999859963932601	7.779781522452887e-07	7.779781522452887e-07	7.779781522452887e-07	7.779781522452887e-07	7.779781522452887e-07	7.779781522452887e-07	7.779781522452887e-07	7.779781522452887e-07	7.779781522452887e-07	7.779781522452887e-07	7.779781522452887e-07	7.779781522452887e-07	7.779781522452887e-07	7.779781522452887e-07	7.779781522452887e-07	7.779781522452887e-07
4.0	0.052631578947368425	0.052631578947368425	0.052631578947368425	0.052631578947368425	0.052631578947368425	0.052631578947368425	0.052631578947368425	0.052631578947368425	0.052631578947368425	0.052631578947368425	0.052631578947368425	0.052631578947368425	0.052631578947368425	0.052631578947368425	0.052631578947368425	0.052631578947368425	0.052631578947368425	0.052631578947368425	0.052631578947368425
5.0	0.052631578947368425	0.052631578947368425	0.052631578947368425	0.052631578947368425	0.052631578947368425	0.052631578947368425	0.052631578947368425	0.052631578947368425	0.052631578947368425	0.052631578947368425	0.052631578947368425	0.052631578947368425	0.052631578947368425	0.052631578947368425	0.052631578947368425	0.052631578947368425	0.052631578947368425	0.052631578947368425	0.052631578947368425
6.0	0.052631578947368425	0.052631578947368425	0.052631578947368425	0.052631578947368425	0.052631578947368425	0.052631578947368425	0.052631578947368425	0.052631578947368425	0.052631578947368425	0.052631578947368425	0.052631578947368425	0.052631578947368425	0.052631578947368425	0.052631578947368425	0.052631578947368425	0.052631578947368425	0.052631578947368425	0.052631578947368425	0.052631578947368425
7.0	0.052631578947368425	0.052631578947368425	0.052631578947368425	0.052631578947368425	0.052631578947368425	0.052631578947368425	0.052631578947368425	0.052631578947368425	0.052631578947368425	0.052631578947368425	0.052631578947368425	0.052631578947368425	0.052631578947368425	0.052631578947368425	0.052631578947368425	0.052631578947368425	0.052631578947368425	0.052631578947368425	0.052631578947368425
8.0	6.824606143919342e-05	6.824606143919342e-05	0.9987715708940935	6.824606143919342e-05	6.824606143919342e-05	6.824606143919342e-05	6.824606143919342e-05	6.824606143919342e-05	6.824606143919342e-05	6.824606143919342e-05	6.824606143919342e-05	6.824606143919342e-05	6.824606143919342e-05	6.824606143919342e-05	6.824606143919342e-05	6.824606143919342e-05	6.824606143919342e-05	6.824606143919342e-05	6.824606143919342e-05
9.0	0.052631578947368425	0.052631578947368425	0.052631578947368425	0.052631578947368425	0.052631578947368425	0.052631578947368425	0.052631578947368425	0.052631578947368425	0.052631578947368425	0.052631578947368425	0.052631578947368425	0.052631578947368425	0.052631578947368425	0.052631578947368425	0.052631578947368425	0.052631578947368425	0.052631578947368425	0.052631578947368425	0.052631578947368425
10.0	0.052631578947368425	0.052631578947368425	0.052631578947368425	0.052631578947368425	0.052631578947368425	0.052631578947368425	0.052631578947368425	0.052631578947368425	0.052631578947368425	0.052631578947368425	0.052631578947368425	0.052631578947368425	0.052631578947368425	0.052631578947368425	0.052631578947368425	0.052631578947368425	0.052631578947368425	0.052631578947368425	0.052631578947368425
11.0	0.052631578947368425	0.052631578947368425	0.052631578947368425	0.052631578947368425	0.052631578947368425	0.052631578947368425	0.052631578947368425	0.052631578947368425	0.052631578947368425	0.052631578947368425	0.052631578947368425	0.052631578947368425	0.052631578947368425	0.052631578947368425	0.052631578947368425	0.052631578947368425	0.052631578947368425	0.052631578947368425	0.052631578947368425
12.0	0.052631578947368425	0.052631578947368425	0.052631578947368425	0.052631578947368425	0.052631578947368425	0.052631578947368425	0.052631578947368425	0.052631578947368425	0.052631578947368425	0.052631578947368425	0.052631578947368425	0.052631578947368425	0.052631578947368425	0.052631578947368425	0.052631578947368425	0.052631578947368425	0.052631578947368425	0.052631578947368425	0.052631578947368425
13.0	0.052631578947368425	0.052631578947368425	0.052631578947368425	0.052631578947368425	0.052631578947368425	0.052631578947368425	0.052631578947368425	0.052631578947368425	0.052631578947368425	0.052631578947368425	0.052631578947368425	0.052631578947368425	0.052631578947368425	0.052631578947368425	0.052631578947368425	0.052631578947368425	0.052631578947368425	0.052631578947368425	0.052631578947368425
14.0	0.052631578947368425	0.052631578947368425	0.052631578947368425	0.052631578947368425	0.052631578947368425	0.052631578947368425	0.052631578947368425	0.052631578947368425	0.052631578947368425	0.052631578947368425	0.052631578947368425	0.052631578947368425	0.052631578947368425	0.052631578947368425	0.052631578947368425	0.052631578947368425	0.052631578947368425	0.052631578947368425	0.052631578947368425
15.0	0.052631578947368425	0.052631578947368425	0.052631578947368425	0.052631578947368425	0.052631578947368425	0.052631578947368425	0.052631578947368425	0.052631578947368425	0.052631578947368425	0.052631578947368425	0.052631578947368425	0.052631578947368425	0.052631578947368425	0.052631578947368425	0.052631578947368425	0.052631578947368425	0.052631578947368425	0.052631578947368425	0.052631578947368425
16.0	0.052631578947368425	0.052631578947368425	0.052631578947368425	0.052631578947368425	0.052631578947368425	0.052631578947368425	0.052631578947368425	0.052631578947368425	0.052631578947368425	0.052631578947368425	0.052631578947368425	0.052631578947368425	0.052631578947368425	0.052631578947368425	0.052631578947368425	0.052631578947368425	0.052631578947368425	0.052631578947368425	0.052631578947368425
17.0	9.998300288950879e-06	9.998300288950879e-06	9.998300288950879e-06	9.998300288950879e-06	9.998300288950879e-06	9.998300288950879e-06	9.998300288950879e-06	9.998300288950879e-06	9.998300288950879e-06	9.998300288950879e-06	9.998300288950879e-06	9.998300288950879e-06	9.998300288950879e-06	9.998300288950879e-06	9.998300288950879e-06	9.998300288950879e-06	0.21666316726156554	0.7831668616335223	9.998300288950879e-06
18.0	0.052631578947368425	0.052631578947368425	0.052631578947368425	0.052631578947368425	0.052631578947368425	0.052631578947368425	0.052631578947368425	0.052631578947368425	0.052631578947368425	0.052631578947368425	0.052631578947368425	0.052631578947368425	0.052631578947368425	0.052631578947368425	0.052631578947368425	0.052631578947368425	0.052631578947368425	0.052631578947368425	0.052631578947368425
19.0	0.052631578947368425	0.052631578947368425	0.052631578947368425	0.052631578947368425	0.052631578947368425	0.052631578947368425	0.052631578947368425	0.052631578947368425	0.052631578947368425	0.052631578947368425	0.052631578947368425	0.052631578947368425	0.052631578947368425	0.052631578947368425	0.052631578947368425	0.052631578947368425	0.052631578947368425	0.052631578947368425	0.052631578947368425
