	(10-11)-1.0	(10-11)-2.0	(10-11)-3.0	(10-11)-4.0	(10-11)-5.0	(10-11)-6.0	(10-11)-7.0	(10-11)-8.0	(10-11)-9.0	(10-11)-10.0	(10-11)-11.0	(10-11)-12.0	(10-11)-13.0	(10-11)-14.0	(10-11)-15.0	(10-11)-16.0	(10-11)-17.0	(10-11)-18.0	(10-11)-19.0	(10-11)-20.0	(10-11)-21.0	(10-11)-22.0	(10-11)-23.0	(10-11)-24.0
1.0	0.04166666666666667	0.04166666666666667	0.04166666666666667	0.04166666666666667	0.04166666666666667	0.04166666666666667	0.04166666666666667	0.04166666666666667	0.04166666666666667	0.04166666666666667	0.04166666666666667	0.04166666666666667	0.04166666666666667	0.04166666666666667	0.04166666666666667	0.04166666666666667	0.04166666666666667	0.04166666666666667	0.04166666666666667	0.04166666666666667	0.04166666666666667	0.04166666666666667	0.04166666666666667	0.04166666666666667
2.0	0.04166666666666667	0.04166666666666667	0.04166666666666667	0.04166666666666667	0.04166666666666667	0.04166666666666667	0.04166666666666667	0.04166666666666667	0.04166666666666667	0.04166666666666667	0.04166666666666667	0.04166666666666667	0.04166666666666667	0.04166666666666667	0.04166666666666667	0.04166666666666667	0.04166666666666667	0.04166666666666667	0.04166666666666667	0.04166666666666667	0.04166666666666667	0.04166666666666667	0.04166666666666667	0.04166666666666667
3.0	2.3455854080796936e-06	2.3455854080796936e-06	0.9382341632318772	2.3455854080796936e-06	2.3455854080796936e-06	2.3455854080796936e-06	2.3455854080796936e-06	2.3455854080796936e-06	2.3455854080796936e-06	2.3455854080796936e-06	0.061714233889146694	2.3455854080796936e-06	2.3455854080796936e-06	2.3455854080796936e-06	2.3455854080796936e-06	2.3455854080796936e-06	2.3455854080796936e-06	2.3455854080796936e-06	2.3455854080796936e-06	2.3455854080796936e-06	2.3455854080796936e-06	2.3455854080796936e-06	2.3455854080796936e-06	2.3455854080796936e-06
4.0	0.04166666666666667	0.04166666666666667	0.04166666666666667	0.04166666666666667	0.04166666666666667	0.04166666666666667	0.04166666666666667	0.04166666666666667	0.04166666666666667	0.04166666666666667	0.04166666666666667	0.04166666666666667	0.04166666666666667	0.04166666666666667	0.04166666666666667	0.04166666666666667	0.04166666666666667	0.04166666666666667	0.04166666666666667	0.04166666666666667	0.04166666666666667	0.04166666666666667	0.04166666666666667	0.04166666666666667
5.0	0.04166666666666667	0.04166666666666667	0.04166666666666667	0.04166666666666667	0.04166666666666667	0.04166666666666667	0.04166666666666667	0.04166666666666667	0.04166666666666667	0.04166666666666667	0.04166666666666667	0.04166666666666667	0.04166666666666667	0.04166666666666667	0.04166666666666667	0.04166666666666667	0.04166666666666667	0.04166666666666667	0.04166666666666667	0.04166666666666667	0.04166666666666667	0.04166666666666667	0.04166666666666667	0.04166666666666667
6.0	0.04166666666666667	0.04166666666666667	0.04166666666666667	0.04166666666666667	0.04166666666666667	0.04166666666666667	0.04166666666666667	0.04166666666666667	0.04166666666666667	0.04166666666666667	0.04166666666666667	0.04166666666666667	0.04166666666666667	0.04166666666666667	0.04166666666666667	0.04166666666666667	0.04166666666666667	0.04166666666666667	0.04166666666666667	0.04166666666666667	0.04166666666666667	0.04166666666666667	0.04166666666666667	0.04166666666666667
7.0	0.04166666666666667	0.04166666666666667	0.04166666666666667	0.04166666666666667	0.04166666666666667	0.04166666666666667	0.04166666666666667	0.04166666666666667	0.04166666666666667	0.04166666666666667	0.04166666666666667	0.04166666666666667	0.04166666666666667	0.04166666666666667	0.04166666666666667	0.04166666666666667	0.04166666666666667	0.04166666666666667	0.04166666666666667	0.04166666666666667	0.04166666666666667	0.04166666666666667	0.04166666666666667	0.04166666666666667
8.0	0.04166666666666667	0.04166666666666667	0.04166666666666667	0.04166666666666667	0.04166666666666667	0.04166666666666667	0.04166666666666667	0.04166666666666667	0.04166666666666667	0.04166666666666667	0.04166666666666667	0.04166666666666667	0.04166666666666667	0.04166666666666667	0.04166666666666667	0.04166666666666667	0.04166666666666667	0.04166666666666667	0.04166666666666667	0.04166666666666667	0.04166666666666667	0.04166666666666667	0.04166666666666667	0.04166666666666667
9.0	0.04166666666666667	0.04166666666666667	0.04166666666666667	0.04166666666666667	0.04166666666666667	0.04166666666666667	0.04166666666666667	0.04166666666666667	0.04166666666666667	0.04166666666666667	0.04166666666666667	0.04166666666666667	0.04166666666666667	0.04166666666666667	0.04166666666666667	0.04166666666666667	0.04166666666666667	0.04166666666666667	0.04166666666666667	0.04166666666666667	0.04166666666666667	0.04166666666666667	0.04166666666666667	0.04166666666666667
10.0	3.1636962596576416e-05	3.1636962596576416e-05	3.1636962596576416e-05	3.1636962596576416e-05	3.1636962596576416e-05	3.1636962596576416e-05	3.1636962596576416e-05	3.1636962596576416e-05	3.1636962596576416e-05	3.1636962596576416e-05	0.9992723498602784	3.1636962596576416e-05	3.1636962596576416e-05	3.1636962596576416e-05	3.1636962596576416e-05	3.1636962596576416e-05	3.1636962596576416e-05	3.1636962596576416e-05	3.1636962596576416e-05	3.1636962596576416e-05	3.1636962596576416e-05	3.1636962596576416e-05	3.1636962596576416e-05	3.1636962596576416e-05
11.0	2.3737970356148576e-05	2.3737970356148576e-05	2.3737970356148576e-05	2.3737970356148576e-05	2.3737970356148576e-05	2.3737970356148576e-05	2.3737970356148576e-05	2.3737970356148576e-05	2.3737970356148576e-05	2.3737970356148576e-05	0.9994540266818083	2.3737970356148576e-05	2.3737970356148576e-05	2.3737970356148576e-05	2.3737970356148576e-05	2.3737970356148576e-05	2.3737970356148576e-05	2.3737970356148576e-05	2.3737970356148576e-05	2.3737970356148576e-05	2.3737970356148576e-05	2.3737970356148576e-05	2.3737970356148576e-05	2.3737970356148576e-05
12.0	0.04166666666666667	0.04166666666666667	0.04166666666666667	0.04166666666666667	0.04166666666666667	0.04166666666666667	0.04166666666666667	0.04166666666666667	0.04166666666666667	0.04166666666666667	0.04166666666666667	0.04166666666666667	0.04166666666666667	0.04166666666666667	0.04166666666666667	0.04166666666666667	0.04166666666666667	0.04166666666666667	0.04166666666666667	0.04166666666666667	0.04166666666666667	0.04166666666666667	0.04166666666666667	0.04166666666666667
13.0	0.04166666666666667	0.04166666666666667	0.04166666666666667	0.04166666666666667	0.04166666666666667	0.04166666666666667	0.04166666666666667	0.04166666666666667	0.04166666666666667	0.04166666666666667	0.04166666666666667	0.04166666666666667	0.04166666666666667	0.04166666666666667	0.04166666666666667	0.04166666666666667	0.04166666666666667	0.04166666666666667	0.04166666666666667	0.04166666666666667	0.04166666666666667	0.04166666666666667	0.04166666666666667	0.04166666666666667
14.0	0.04166666666666667	0.04166666666666667	0.04166666666666667	0.04166666666666667	0.04166666666666667	0.04166666666666667	0.04166666666666667	0.04166666666666667	0.04166666666666667	0.04166666666666667	0.04166666666666667	0.04166666666666667	0.04166666666666667	0.04166666666666667	0.04166666666666667	0.04166666666666667	0.04166666666666667	0.04166666666666667	0.04166666666666667	0.04166666666666667	0.04166666666666667	0.04166666666666667	0.04166666666666667	0.04166666666666667
15.0	0.04166666666666667	0.04166666666666667	0.04166666666666667	0.04166666666666667	0.04166666666666667	0.04166666666666667	0.04166666666666667	0.04166666666666667	0.04166666666666667	0.04166666666666667	0.04166666666666667	0.04166666666666667	0.04166666666666667	0.04166666666666667	0.04166666666666667	0.04166666666666667	0.04166666666666667	0.04166666666666667	0.04166666666666667	0.04166666666666667	0.04166666666666667	0.04166666666666667	0.04166666666666667	0.04166666666666667
16.0	0.04166666666666667	0.04166666666666667	0.04166666666666667	0.04166666666666667	0.04166666666666667	0.04166666666666667	0.04166666666666667	0.04166666666666667	0.04166666666666667	0.04166666666666667	0.04166666666666667	0.04166666666666667	0.04166666666666667	0.04166666666666667	0.04166666666666667	0.04166666666666667	0.04166666666666667	0.04166666666666667	0.04166666666666667	0.04166666666666667	0.04166666666666667	0.04166666666666667	0.04166666666666667	0.04166666666666667
17.0	0.04166666666666667	0.04166666666666667	0.04166666666666667	0.04166666666666667	0.04166666666666667	0.04166666666666667	0.04166666666666667	0.04166666666666667	0.04166666666666667	0.04166666666666667	0.04166666666666667	0.04166666666666667	0.04166666666666667	0.04166666666666667	0.04166666666666667	0.04166666666666667	0.04166666666666667	0.04166666666666667	0.04166666666666667	0.04166666666666667	0.04166666666666667	0.04166666666666667	0.04166666666666667	0.04166666666666667
18.0	1.48972021245715e-06	1.48972021245715e-06	1.48972021245715e-06	1.48972021245715e-06	1.48972021245715e-06	1.48972021245715e-06	1.48972021245715e-06	1.48972021245715e-06	1.48972021245715e-06	1.48972021245715e-06	1.48972021245715e-06	1.48972021245715e-06	1.48972021245715e-06	1.48972021245715e-06	1.48972021245715e-06	1.48972021245715e-06	1.48972021245715e-06	0.9999657364351139	1.48972021245715e-06	1.48972021245715e-06	1.48972021245715e-06	1.48972021245715e-06	1.48972021245715e-06	1.48972021245715e-06
19.0	0.04166666666666667	0.04166666666666667	0.04166666666666667	0.04166666666666667	0.04166666666666667	0.04166666666666667	0.04166666666666667	0.04166666666666667	0.04166666666666667	0.04166666666666667	0.04166666666666667	0.04166666666666667	0.04166666666666667	0.04166666666666667	0.04166666666666667	0.04166666666666667	0.04166666666666667	0.04166666666666667	0.04166666666666667	0.04166666666666667	0.04166666666666667	0.04166666666666667	0.04166666666666667	0.04166666666666667
20.0	2.3322091433017357e-06	2.3322091433017357e-06	2.3322091433017357e-06	2.3322091433017357e-06	2.3322091433017357e-06	2.3322091433017357e-06	2.3322091433017357e-06	2.3322091433017357e-06	2.3322091433017357e-06	2.3322091433017357e-06	2.3322091433017357e-06	2.3322091433017357e-06	2.3322091433017357e-06	2.3322091433017357e-06	2.3322091433017357e-06	2.3322091433017357e-06	2.3322091433017357e-06	0.5335068627385007	2.3322091433017357e-06	0.4664418286603471	2.3322091433017357e-06	2.3322091433017357e-06	2.3322091433017357e-06	2.3322091433017357e-06
21.0	0.04166666666666667	0.04166666666666667	0.04166666666666667	0.04166666666666667	0.04166666666666667	0.04166666666666667	0.04166666666666667	0.04166666666666667	0.04166666666666667	0.04166666666666667	0.04166666666666667	0.04166666666666667	0.04166666666666667	0.04166666666666667	0.04166666666666667	0.04166666666666667	0.04166666666666667	0.04166666666666667	0.04166666666666667	0.04166666666666667	0.04166666666666667	0.04166666666666667	0.04166666666666667	0.04166666666666667
22.0	0.04166666666666667	0.04166666666666667	0.04166666666666667	0.04166666666666667	0.04166666666666667	0.04166666666666667	0.04166666666666667	0.04166666666666667	0.04166666666666667	0.04166666666666667	0.04166666666666667	0.04166666666666667	0.04166666666666667	0.04166666666666667	0.04166666666666667	0.04166666666666667	0.04166666666666667	0.04166666666666667	0.04166666666666667	0.04166666666666667	0.04166666666666667	0.04166666666666667	0.04166666666666667	0.04166666666666667
23.0	0.04166666666666667	0.04166666666666667	0.04166666666666667	0.04166666666666667	0.04166666666666667	0.04166666666666667	0.04166666666666667	0.04166666666666667	0.04166666666666667	0.04166666666666667	0.04166666666666667	0.04166666666666667	0.04166666666666667	0.04166666666666667	0.04166666666666667	0.04166666666666667	0.04166666666666667	0.04166666666666667	0.04166666666666667	0.04166666666666667	0.04166666666666667	0.04166666666666667	0.04166666666666667	0.04166666666666667
24.0	0.04166666666666667	0.04166666666666667	0.04166666666666667	0.04166666666666667	0.04166666666666667	0.04166666666666667	0.04166666666666667	0.04166666666666667	0.04166666666666667	0.04166666666666667	0.04166666666666667	0.04166666666666667	0.04166666666666667	0.04166666666666667	0.04166666666666667	0.04166666666666667	0.04166666666666667	0.04166666666666667	0.04166666666666667	0.04166666666666667	0.04166666666666667	0.04166666666666667	0.04166666666666667	0.04166666666666667
