	(8-9)-1.0	(8-9)-2.0	(8-9)-3.0	(8-9)-4.0	(8-9)-5.0	(8-9)-6.0	(8-9)-7.0	(8-9)-8.0	(8-9)-9.0	(8-9)-10.0	(8-9)-11.0	(8-9)-12.0	(8-9)-13.0	(8-9)-14.0	(8-9)-15.0	(8-9)-16.0	(8-9)-17.0	(8-9)-18.0	(8-9)-19.0	(8-9)-20.0	(8-9)-21.0	(8-9)-22.0	(8-9)-23.0	(8-9)-24.0
1.0	0.04166666666666667	0.04166666666666667	0.04166666666666667	0.04166666666666667	0.04166666666666667	0.04166666666666667	0.04166666666666667	0.04166666666666667	0.04166666666666667	0.04166666666666667	0.04166666666666667	0.04166666666666667	0.04166666666666667	0.04166666666666667	0.04166666666666667	0.04166666666666667	0.04166666666666667	0.04166666666666667	0.04166666666666667	0.04166666666666667	0.04166666666666667	0.04166666666666667	0.04166666666666667	0.04166666666666667
2.0	0.04166666666666667	0.04166666666666667	0.04166666666666667	0.04166666666666667	0.04166666666666667	0.04166666666666667	0.04166666666666667	0.04166666666666667	0.04166666666666667	0.04166666666666667	0.04166666666666667	0.04166666666666667	0.04166666666666667	0.04166666666666667	0.04166666666666667	0.04166666666666667	0.04166666666666667	0.04166666666666667	0.04166666666666667	0.04166666666666667	0.04166666666666667	0.04166666666666667	0.04166666666666667	0.04166666666666667
3.0	3.333077797368867e-06	3.333077797368867e-06	0.99992333921066	3.333077797368867e-06	3.333077797368867e-06	3.333077797368867e-06	3.333077797368867e-06	3.333077797368867e-06	3.333077797368867e-06	3.333077797368867e-06	3.333077797368867e-06	3.333077797368867e-06	3.333077797368867e-06	3.333077797368867e-06	3.333077797368867e-06	3.333077797368867e-06	3.333077797368867e-06	3.333077797368867e-06	3.333077797368867e-06	3.333077797368867e-06	3.333077797368867e-06	3.333077797368867e-06	3.333077797368867e-06	3.333077797368867e-06
4.0	0.04166666666666667	0.04166666666666667	0.04166666666666667	0.04166666666666667	0.04166666666666667	0.04166666666666667	0.04166666666666667	0.04166666666666667	0.04166666666666667	0.04166666666666667	0.04166666666666667	0.04166666666666667	0.04166666666666667	0.04166666666666667	0.04166666666666667	0.04166666666666667	0.04166666666666667	0.04166666666666667	0.04166666666666667	0.04166666666666667	0.04166666666666667	0.04166666666666667	0.04166666666666667	0.04166666666666667
5.0	0.04166666666666667	0.04166666666666667	0.04166666666666667	0.04166666666666667	0.04166666666666667	0.04166666666666667	0.04166666666666667	0.04166666666666667	0.04166666666666667	0.04166666666666667	0.04166666666666667	0.04166666666666667	0.04166666666666667	0.04166666666666667	0.04166666666666667	0.04166666666666667	0.04166666666666667	0.04166666666666667	0.04166666666666667	0.04166666666666667	0.04166666666666667	0.04166666666666667	0.04166666666666667	0.04166666666666667
6.0	0.04166666666666667	0.04166666666666667	0.04166666666666667	0.04166666666666667	0.04166666666666667	0.04166666666666667	0.04166666666666667	0.04166666666666667	0.04166666666666667	0.04166666666666667	0.04166666666666667	0.04166666666666667	0.04166666666666667	0.04166666666666667	0.04166666666666667	0.04166666666666667	0.04166666666666667	0.04166666666666667	0.04166666666666667	0.04166666666666667	0.04166666666666667	0.04166666666666667	0.04166666666666667	0.04166666666666667
7.0	0.04166666666666667	0.04166666666666667	0.04166666666666667	0.04166666666666667	0.04166666666666667	0.04166666666666667	0.04166666666666667	0.04166666666666667	0.04166666666666667	0.04166666666666667	0.04166666666666667	0.04166666666666667	0.04166666666666667	0.04166666666666667	0.04166666666666667	0.04166666666666667	0.04166666666666667	0.04166666666666667	0.04166666666666667	0.04166666666666667	0.04166666666666667	0.04166666666666667	0.04166666666666667	0.04166666666666667
8.0	0.04166666666666667	0.04166666666666667	0.04166666666666667	0.04166666666666667	0.04166666666666667	0.04166666666666667	0.04166666666666667	0.04166666666666667	0.04166666666666667	0.04166666666666667	0.04166666666666667	0.04166666666666667	0.04166666666666667	0.04166666666666667	0.04166666666666667	0.04166666666666667	0.04166666666666667	0.04166666666666667	0.04166666666666667	0.04166666666666667	0.04166666666666667	0.04166666666666667	0.04166666666666667	0.04166666666666667
9.0	0.04166666666666667	0.04166666666666667	0.04166666666666667	0.04166666666666667	0.04166666666666667	0.04166666666666667	0.04166666666666667	0.04166666666666667	0.04166666666666667	0.04166666666666667	0.04166666666666667	0.04166666666666667	0.04166666666666667	0.04166666666666667	0.04166666666666667	0.04166666666666667	0.04166666666666667	0.04166666666666667	0.04166666666666667	0.04166666666666667	0.04166666666666667	0.04166666666666667	0.04166666666666667	0.04166666666666667
10.0	0.04166666666666667	0.04166666666666667	0.04166666666666667	0.04166666666666667	0.04166666666666667	0.04166666666666667	0.04166666666666667	0.04166666666666667	0.04166666666666667	0.04166666666666667	0.04166666666666667	0.04166666666666667	0.04166666666666667	0.04166666666666667	0.04166666666666667	0.04166666666666667	0.04166666666666667	0.04166666666666667	0.04166666666666667	0.04166666666666667	0.04166666666666667	0.04166666666666667	0.04166666666666667	0.04166666666666667
11.0	0.04166666666666667	0.04166666666666667	0.04166666666666667	0.04166666666666667	0.04166666666666667	0.04166666666666667	0.04166666666666667	0.04166666666666667	0.04166666666666667	0.04166666666666667	0.04166666666666667	0.04166666666666667	0.04166666666666667	0.04166666666666667	0.04166666666666667	0.04166666666666667	0.04166666666666667	0.04166666666666667	0.04166666666666667	0.04166666666666667	0.04166666666666667	0.04166666666666667	0.04166666666666667	0.04166666666666667
12.0	0.04166666666666667	0.04166666666666667	0.04166666666666667	0.04166666666666667	0.04166666666666667	0.04166666666666667	0.04166666666666667	0.04166666666666667	0.04166666666666667	0.04166666666666667	0.04166666666666667	0.04166666666666667	0.04166666666666667	0.04166666666666667	0.04166666666666667	0.04166666666666667	0.04166666666666667	0.04166666666666667	0.04166666666666667	0.04166666666666667	0.04166666666666667	0.04166666666666667	0.04166666666666667	0.04166666666666667
13.0	0.04166666666666667	0.04166666666666667	0.04166666666666667	0.04166666666666667	0.04166666666666667	0.04166666666666667	0.04166666666666667	0.04166666666666667	0.04166666666666667	0.04166666666666667	0.04166666666666667	0.04166666666666667	0.04166666666666667	0.04166666666666667	0.04166666666666667	0.04166666666666667	0.04166666666666667	0.04166666666666667	0.04166666666666667	0.04166666666666667	0.04166666666666667	0.04166666666666667	0.04166666666666667	0.04166666666666667
14.0	0.04166666666666667	0.04166666666666667	0.04166666666666667	0.04166666666666667	0.04166666666666667	0.04166666666666667	0.04166666666666667	0.04166666666666667	0.04166666666666667	0.04166666666666667	0.04166666666666667	0.04166666666666667	0.04166666666666667	0.04166666666666667	0.04166666666666667	0.04166666666666667	0.04166666666666667	0.04166666666666667	0.04166666666666667	0.04166666666666667	0.04166666666666667	0.04166666666666667	0.04166666666666667	0.04166666666666667
15.0	0.04166666666666667	0.04166666666666667	0.04166666666666667	0.04166666666666667	0.04166666666666667	0.04166666666666667	0.04166666666666667	0.04166666666666667	0.04166666666666667	0.04166666666666667	0.04166666666666667	0.04166666666666667	0.04166666666666667	0.04166666666666667	0.04166666666666667	0.04166666666666667	0.04166666666666667	0.04166666666666667	0.04166666666666667	0.04166666666666667	0.04166666666666667	0.04166666666666667	0.04166666666666667	0.04166666666666667
16.0	0.04166666666666667	0.04166666666666667	0.04166666666666667	0.04166666666666667	0.04166666666666667	0.04166666666666667	0.04166666666666667	0.04166666666666667	0.04166666666666667	0.04166666666666667	0.04166666666666667	0.04166666666666667	0.04166666666666667	0.04166666666666667	0.04166666666666667	0.04166666666666667	0.04166666666666667	0.04166666666666667	0.04166666666666667	0.04166666666666667	0.04166666666666667	0.04166666666666667	0.04166666666666667	0.04166666666666667
17.0	0.04166666666666667	0.04166666666666667	0.04166666666666667	0.04166666666666667	0.04166666666666667	0.04166666666666667	0.04166666666666667	0.04166666666666667	0.04166666666666667	0.04166666666666667	0.04166666666666667	0.04166666666666667	0.04166666666666667	0.04166666666666667	0.04166666666666667	0.04166666666666667	0.04166666666666667	0.04166666666666667	0.04166666666666667	0.04166666666666667	0.04166666666666667	0.04166666666666667	0.04166666666666667	0.04166666666666667
18.0	4.999425066117396e-06	4.999425066117396e-06	4.999425066117396e-06	4.999425066117396e-06	4.999425066117396e-06	4.999425066117396e-06	4.999425066117396e-06	4.999425066117396e-06	4.999425066117396e-06	4.999425066117396e-06	4.999425066117396e-06	4.999425066117396e-06	4.999425066117396e-06	4.999425066117396e-06	4.999425066117396e-06	4.999425066117396e-06	4.999425066117396e-06	0.9998850132234792	4.999425066117396e-06	4.999425066117396e-06	4.999425066117396e-06	4.999425066117396e-06	4.999425066117396e-06	4.999425066117396e-06
19.0	0.04166666666666667	0.04166666666666667	0.04166666666666667	0.04166666666666667	0.04166666666666667	0.04166666666666667	0.04166666666666667	0.04166666666666667	0.04166666666666667	0.04166666666666667	0.04166666666666667	0.04166666666666667	0.04166666666666667	0.04166666666666667	0.04166666666666667	0.04166666666666667	0.04166666666666667	0.04166666666666667	0.04166666666666667	0.04166666666666667	0.04166666666666667	0.04166666666666667	0.04166666666666667	0.04166666666666667
20.0	1.1110827167750161e-06	1.1110827167750161e-06	1.1110827167750161e-06	1.1110827167750161e-06	1.1110827167750161e-06	1.1110827167750161e-06	1.1110827167750161e-06	1.1110827167750161e-06	1.1110827167750161e-06	1.1110827167750161e-06	1.1110827167750161e-06	1.1110827167750161e-06	1.1110827167750161e-06	1.1110827167750161e-06	1.1110827167750161e-06	1.1110827167750161e-06	1.1110827167750161e-06	1.1110827167750161e-06	1.1110827167750161e-06	0.9999744450975143	1.1110827167750161e-06	1.1110827167750161e-06	1.1110827167750161e-06	1.1110827167750161e-06
21.0	0.04166666666666667	0.04166666666666667	0.04166666666666667	0.04166666666666667	0.04166666666666667	0.04166666666666667	0.04166666666666667	0.04166666666666667	0.04166666666666667	0.04166666666666667	0.04166666666666667	0.04166666666666667	0.04166666666666667	0.04166666666666667	0.04166666666666667	0.04166666666666667	0.04166666666666667	0.04166666666666667	0.04166666666666667	0.04166666666666667	0.04166666666666667	0.04166666666666667	0.04166666666666667	0.04166666666666667
22.0	0.04166666666666667	0.04166666666666667	0.04166666666666667	0.04166666666666667	0.04166666666666667	0.04166666666666667	0.04166666666666667	0.04166666666666667	0.04166666666666667	0.04166666666666667	0.04166666666666667	0.04166666666666667	0.04166666666666667	0.04166666666666667	0.04166666666666667	0.04166666666666667	0.04166666666666667	0.04166666666666667	0.04166666666666667	0.04166666666666667	0.04166666666666667	0.04166666666666667	0.04166666666666667	0.04166666666666667
23.0	0.04166666666666667	0.04166666666666667	0.04166666666666667	0.04166666666666667	0.04166666666666667	0.04166666666666667	0.04166666666666667	0.04166666666666667	0.04166666666666667	0.04166666666666667	0.04166666666666667	0.04166666666666667	0.04166666666666667	0.04166666666666667	0.04166666666666667	0.04166666666666667	0.04166666666666667	0.04166666666666667	0.04166666666666667	0.04166666666666667	0.04166666666666667	0.04166666666666667	0.04166666666666667	0.04166666666666667
24.0	0.04166666666666667	0.04166666666666667	0.04166666666666667	0.04166666666666667	0.04166666666666667	0.04166666666666667	0.04166666666666667	0.04166666666666667	0.04166666666666667	0.04166666666666667	0.04166666666666667	0.04166666666666667	0.04166666666666667	0.04166666666666667	0.04166666666666667	0.04166666666666667	0.04166666666666667	0.04166666666666667	0.04166666666666667	0.04166666666666667	0.04166666666666667	0.04166666666666667	0.04166666666666667	0.04166666666666667
