	(12-13)-1.0	(12-13)-2.0	(12-13)-3.0	(12-13)-4.0	(12-13)-5.0	(12-13)-6.0	(12-13)-7.0	(12-13)-8.0	(12-13)-9.0	(12-13)-10.0	(12-13)-11.0	(12-13)-12.0	(12-13)-13.0	(12-13)-14.0	(12-13)-15.0	(12-13)-16.0	(12-13)-17.0	(12-13)-18.0
1.0	0.05555555555555556	0.05555555555555556	0.05555555555555556	0.05555555555555556	0.05555555555555556	0.05555555555555556	0.05555555555555556	0.05555555555555556	0.05555555555555556	0.05555555555555556	0.05555555555555556	0.05555555555555556	0.05555555555555556	0.05555555555555556	0.05555555555555556	0.05555555555555556	0.05555555555555556	0.05555555555555556
2.0	1.959138253447841e-06	0.9795691267239204	0.020399527064025643	1.959138253447841e-06	1.959138253447841e-06	1.959138253447841e-06	1.959138253447841e-06	1.959138253447841e-06	1.959138253447841e-06	1.959138253447841e-06	1.959138253447841e-06	1.959138253447841e-06	1.959138253447841e-06	1.959138253447841e-06	1.959138253447841e-06	1.959138253447841e-06	1.959138253447841e-06	1.959138253447841e-06
3.0	1.1160153786919194e-05	1.1160153786919194e-05	0.9998102773856231	1.1160153786919194e-05	1.1160153786919194e-05	1.1160153786919194e-05	1.1160153786919194e-05	1.1160153786919194e-05	1.1160153786919194e-05	1.1160153786919194e-05	1.1160153786919194e-05	1.1160153786919194e-05	1.1160153786919194e-05	1.1160153786919194e-05	1.1160153786919194e-05	1.1160153786919194e-05	1.1160153786919194e-05	1.1160153786919194e-05
4.0	0.05555555555555556	0.05555555555555556	0.05555555555555556	0.05555555555555556	0.05555555555555556	0.05555555555555556	0.05555555555555556	0.05555555555555556	0.05555555555555556	0.05555555555555556	0.05555555555555556	0.05555555555555556	0.05555555555555556	0.05555555555555556	0.05555555555555556	0.05555555555555556	0.05555555555555556	0.05555555555555556
5.0	0.05555555555555556	0.05555555555555556	0.05555555555555556	0.05555555555555556	0.05555555555555556	0.05555555555555556	0.05555555555555556	0.05555555555555556	0.05555555555555556	0.05555555555555556	0.05555555555555556	0.05555555555555556	0.05555555555555556	0.05555555555555556	0.05555555555555556	0.05555555555555556	0.05555555555555556	0.05555555555555556
6.0	0.05555555555555556	0.05555555555555556	0.05555555555555556	0.05555555555555556	0.05555555555555556	0.05555555555555556	0.05555555555555556	0.05555555555555556	0.05555555555555556	0.05555555555555556	0.05555555555555556	0.05555555555555556	0.05555555555555556	0.05555555555555556	0.05555555555555556	0.05555555555555556	0.05555555555555556	0.05555555555555556
7.0	6.163644768606501e-06	6.163644768606501e-06	6.163644768606501e-06	6.163644768606501e-06	6.163644768606501e-06	6.163644768606501e-06	0.6074514492449189	6.163644768606501e-06	0.3561353947300836	0.0363207013534681	6.163644768606501e-06	6.163644768606501e-06	6.163644768606501e-06	6.163644768606501e-06	6.163644768606501e-06	6.163644768606501e-06	6.163644768606501e-06	6.163644768606501e-06
8.0	2.6462493825418107e-05	2.6462493825418107e-05	2.6462493825418107e-05	2.6462493825418107e-05	2.6462493825418107e-05	2.6462493825418107e-05	0.0714289256766547	2.6462493825418107e-05	0.9281476744221383	2.6462493825418107e-05	2.6462493825418107e-05	2.6462493825418107e-05	2.6462493825418107e-05	2.6462493825418107e-05	2.6462493825418107e-05	2.6462493825418107e-05	2.6462493825418107e-05	2.6462493825418107e-05
9.0	0.05555555555555556	0.05555555555555556	0.05555555555555556	0.05555555555555556	0.05555555555555556	0.05555555555555556	0.05555555555555556	0.05555555555555556	0.05555555555555556	0.05555555555555556	0.05555555555555556	0.05555555555555556	0.05555555555555556	0.05555555555555556	0.05555555555555556	0.05555555555555556	0.05555555555555556	0.05555555555555556
10.0	0.05555555555555556	0.05555555555555556	0.05555555555555556	0.05555555555555556	0.05555555555555556	0.05555555555555556	0.05555555555555556	0.05555555555555556	0.05555555555555556	0.05555555555555556	0.05555555555555556	0.05555555555555556	0.05555555555555556	0.05555555555555556	0.05555555555555556	0.05555555555555556	0.05555555555555556	0.05555555555555556
11.0	0.05555555555555556	0.05555555555555556	0.05555555555555556	0.05555555555555556	0.05555555555555556	0.05555555555555556	0.05555555555555556	0.05555555555555556	0.05555555555555556	0.05555555555555556	0.05555555555555556	0.05555555555555556	0.05555555555555556	0.05555555555555556	0.05555555555555556	0.05555555555555556	0.05555555555555556	0.05555555555555556
12.0	0.05555555555555556	0.05555555555555556	0.05555555555555556	0.05555555555555556	0.05555555555555556	0.05555555555555556	0.05555555555555556	0.05555555555555556	0.05555555555555556	0.05555555555555556	0.05555555555555556	0.05555555555555556	0.05555555555555556	0.05555555555555556	0.05555555555555556	0.05555555555555556	0.05555555555555556	0.05555555555555556
13.0	0.05555555555555556	0.05555555555555556	0.05555555555555556	0.05555555555555556	0.05555555555555556	0.05555555555555556	0.05555555555555556	0.05555555555555556	0.05555555555555556	0.05555555555555556	0.05555555555555556	0.05555555555555556	0.05555555555555556	0.05555555555555556	0.05555555555555556	0.05555555555555556	0.05555555555555556	0.05555555555555556
14.0	0.05555555555555556	0.05555555555555556	0.05555555555555556	0.05555555555555556	0.05555555555555556	0.05555555555555556	0.05555555555555556	0.05555555555555556	0.05555555555555556	0.05555555555555556	0.05555555555555556	0.05555555555555556	0.05555555555555556	0.05555555555555556	0.05555555555555556	0.05555555555555556	0.05555555555555556	0.05555555555555556
15.0	0.05555555555555556	0.05555555555555556	0.05555555555555556	0.05555555555555556	0.05555555555555556	0.05555555555555556	0.05555555555555556	0.05555555555555556	0.05555555555555556	0.05555555555555556	0.05555555555555556	0.05555555555555556	0.05555555555555556	0.05555555555555556	0.05555555555555556	0.05555555555555556	0.05555555555555556	0.05555555555555556
16.0	0.05555555555555556	0.05555555555555556	0.05555555555555556	0.05555555555555556	0.05555555555555556	0.05555555555555556	0.05555555555555556	0.05555555555555556	0.05555555555555556	0.05555555555555556	0.05555555555555556	0.05555555555555556	0.05555555555555556	0.05555555555555556	0.05555555555555556	0.05555555555555556	0.05555555555555556	0.05555555555555556
17.0	0.05555555555555556	0.05555555555555556	0.05555555555555556	0.05555555555555556	0.05555555555555556	0.05555555555555556	0.05555555555555556	0.05555555555555556	0.05555555555555556	0.05555555555555556	0.05555555555555556	0.05555555555555556	0.05555555555555556	0.05555555555555556	0.05555555555555556	0.05555555555555556	0.05555555555555556	0.05555555555555556
18.0	9.998400255959051e-06	9.998400255959051e-06	9.998400255959051e-06	9.998400255959051e-06	9.998400255959051e-06	9.998400255959051e-06	9.998400255959051e-06	9.998400255959051e-06	0.7665773476243803	9.998400255959051e-06	9.998400255959051e-06	9.998400255959051e-06	9.998400255959051e-06	9.998400255959051e-06	9.998400255959051e-06	9.998400255959051e-06	9.998400255959051e-06	0.23326267797152464
