	(21-22)-1.0	(21-22)-2.0	(21-22)-3.0	(21-22)-4.0	(21-22)-5.0	(21-22)-6.0	(21-22)-7.0	(21-22)-8.0	(21-22)-9.0	(21-22)-10.0	(21-22)-11.0	(21-22)-12.0	(21-22)-13.0	(21-22)-14.0	(21-22)-15.0	(21-22)-16.0	(21-22)-17.0	(21-22)-18.0
1.0	0.908908297061343	0.09093172853456068	9.998400255959039e-06	9.998400255959039e-06	9.998400255959039e-06	9.998400255959039e-06	9.998400255959039e-06	9.998400255959039e-06	9.998400255959039e-06	9.998400255959039e-06	9.998400255959039e-06	9.998400255959039e-06	9.998400255959039e-06	9.998400255959039e-06	9.998400255959039e-06	9.998400255959039e-06	9.998400255959039e-06	9.998400255959039e-06
2.0	1.999932002311924e-06	0.999966001155962	1.999932002311924e-06	1.999932002311924e-06	1.999932002311924e-06	1.999932002311924e-06	1.999932002311924e-06	1.999932002311924e-06	1.999932002311924e-06	1.999932002311924e-06	1.999932002311924e-06	1.999932002311924e-06	1.999932002311924e-06	1.999932002311924e-06	1.999932002311924e-06	1.999932002311924e-06	1.999932002311924e-06	1.999932002311924e-06
3.0	0.05555555555555556	0.05555555555555556	0.05555555555555556	0.05555555555555556	0.05555555555555556	0.05555555555555556	0.05555555555555556	0.05555555555555556	0.05555555555555556	0.05555555555555556	0.05555555555555556	0.05555555555555556	0.05555555555555556	0.05555555555555556	0.05555555555555556	0.05555555555555556	0.05555555555555556	0.05555555555555556
4.0	0.05555555555555556	0.05555555555555556	0.05555555555555556	0.05555555555555556	0.05555555555555556	0.05555555555555556	0.05555555555555556	0.05555555555555556	0.05555555555555556	0.05555555555555556	0.05555555555555556	0.05555555555555556	0.05555555555555556	0.05555555555555556	0.05555555555555556	0.05555555555555556	0.05555555555555556	0.05555555555555556
5.0	0.05555555555555556	0.05555555555555556	0.05555555555555556	0.05555555555555556	0.05555555555555556	0.05555555555555556	0.05555555555555556	0.05555555555555556	0.05555555555555556	0.05555555555555556	0.05555555555555556	0.05555555555555556	0.05555555555555556	0.05555555555555556	0.05555555555555556	0.05555555555555556	0.05555555555555556	0.05555555555555556
6.0	0.05555555555555556	0.05555555555555556	0.05555555555555556	0.05555555555555556	0.05555555555555556	0.05555555555555556	0.05555555555555556	0.05555555555555556	0.05555555555555556	0.05555555555555556	0.05555555555555556	0.05555555555555556	0.05555555555555556	0.05555555555555556	0.05555555555555556	0.05555555555555556	0.05555555555555556	0.05555555555555556
7.0	0.05555555555555556	0.05555555555555556	0.05555555555555556	0.05555555555555556	0.05555555555555556	0.05555555555555556	0.05555555555555556	0.05555555555555556	0.05555555555555556	0.05555555555555556	0.05555555555555556	0.05555555555555556	0.05555555555555556	0.05555555555555556	0.05555555555555556	0.05555555555555556	0.05555555555555556	0.05555555555555556
8.0	0.05555555555555556	0.05555555555555556	0.05555555555555556	0.05555555555555556	0.05555555555555556	0.05555555555555556	0.05555555555555556	0.05555555555555556	0.05555555555555556	0.05555555555555556	0.05555555555555556	0.05555555555555556	0.05555555555555556	0.05555555555555556	0.05555555555555556	0.05555555555555556	0.05555555555555556	0.05555555555555556
9.0	0.05555555555555556	0.05555555555555556	0.05555555555555556	0.05555555555555556	0.05555555555555556	0.05555555555555556	0.05555555555555556	0.05555555555555556	0.05555555555555556	0.05555555555555556	0.05555555555555556	0.05555555555555556	0.05555555555555556	0.05555555555555556	0.05555555555555556	0.05555555555555556	0.05555555555555556	0.05555555555555556
10.0	0.05555555555555556	0.05555555555555556	0.05555555555555556	0.05555555555555556	0.05555555555555556	0.05555555555555556	0.05555555555555556	0.05555555555555556	0.05555555555555556	0.05555555555555556	0.05555555555555556	0.05555555555555556	0.05555555555555556	0.05555555555555556	0.05555555555555556	0.05555555555555556	0.05555555555555556	0.05555555555555556
11.0	0.05555555555555556	0.05555555555555556	0.05555555555555556	0.05555555555555556	0.05555555555555556	0.05555555555555556	0.05555555555555556	0.05555555555555556	0.05555555555555556	0.05555555555555556	0.05555555555555556	0.05555555555555556	0.05555555555555556	0.05555555555555556	0.05555555555555556	0.05555555555555556	0.05555555555555556	0.05555555555555556
12.0	0.05555555555555556	0.05555555555555556	0.05555555555555556	0.05555555555555556	0.05555555555555556	0.05555555555555556	0.05555555555555556	0.05555555555555556	0.05555555555555556	0.05555555555555556	0.05555555555555556	0.05555555555555556	0.05555555555555556	0.05555555555555556	0.05555555555555556	0.05555555555555556	0.05555555555555556	0.05555555555555556
13.0	0.05555555555555556	0.05555555555555556	0.05555555555555556	0.05555555555555556	0.05555555555555556	0.05555555555555556	0.05555555555555556	0.05555555555555556	0.05555555555555556	0.05555555555555556	0.05555555555555556	0.05555555555555556	0.05555555555555556	0.05555555555555556	0.05555555555555556	0.05555555555555556	0.05555555555555556	0.05555555555555556
14.0	0.05555555555555556	0.05555555555555556	0.05555555555555556	0.05555555555555556	0.05555555555555556	0.05555555555555556	0.05555555555555556	0.05555555555555556	0.05555555555555556	0.05555555555555556	0.05555555555555556	0.05555555555555556	0.05555555555555556	0.05555555555555556	0.05555555555555556	0.05555555555555556	0.05555555555555556	0.05555555555555556
15.0	9.998500224966253e-06	0.020445078211942747	9.998500224966253e-06	9.998500224966253e-06	9.998500224966253e-06	9.998500224966253e-06	9.998500224966253e-06	9.998500224966253e-06	9.998500224966253e-06	9.998500224966253e-06	9.998500224966253e-06	9.998500224966253e-06	9.998500224966253e-06	0.4897024721423413	0.4897024721423413	9.998500224966253e-06	9.998500224966253e-06	9.998500224966253e-06
16.0	0.05555555555555556	0.05555555555555556	0.05555555555555556	0.05555555555555556	0.05555555555555556	0.05555555555555556	0.05555555555555556	0.05555555555555556	0.05555555555555556	0.05555555555555556	0.05555555555555556	0.05555555555555556	0.05555555555555556	0.05555555555555556	0.05555555555555556	0.05555555555555556	0.05555555555555556	0.05555555555555556
17.0	9.998300288950869e-06	0.9998300288950868	9.998300288950869e-06	9.998300288950869e-06	9.998300288950869e-06	9.998300288950869e-06	9.998300288950869e-06	9.998300288950869e-06	9.998300288950869e-06	9.998300288950869e-06	9.998300288950869e-06	9.998300288950869e-06	9.998300288950869e-06	9.998300288950869e-06	9.998300288950869e-06	9.998300288950869e-06	9.998300288950869e-06	9.998300288950869e-06
18.0	0.05555555555555556	0.05555555555555556	0.05555555555555556	0.05555555555555556	0.05555555555555556	0.05555555555555556	0.05555555555555556	0.05555555555555556	0.05555555555555556	0.05555555555555556	0.05555555555555556	0.05555555555555556	0.05555555555555556	0.05555555555555556	0.05555555555555556	0.05555555555555556	0.05555555555555556	0.05555555555555556
