	(16-17)-1.0	(16-17)-2.0	(16-17)-19.0	(16-17)-20.0	(16-17)-21.0	(16-17)-30.0	(16-17)-22.0	(16-17)-100.0	(16-17)-104.0	(16-17)-83.0	(16-17)-110.0	(16-17)-113.0	(16-17)-115.0	(16-17)-127.0	(16-17)-55.0	(16-17)-149.0	(16-17)-166.0	(16-17)-170.0	(16-17)-171.0	(16-17)-175.0	(16-17)-176.0	(16-17)-198.0	(16-17)-200.0	(16-17)-206.0	(16-17)-207.0	(16-17)-32.0	(16-17)-210.0	(16-17)-218.0
1.0	0.035714285714285705	0.035714285714285705	0.035714285714285705	0.035714285714285705	0.035714285714285705	0.035714285714285705	0.035714285714285705	0.035714285714285705	0.035714285714285705	0.035714285714285705	0.035714285714285705	0.035714285714285705	0.035714285714285705	0.035714285714285705	0.035714285714285705	0.035714285714285705	0.035714285714285705	0.035714285714285705	0.035714285714285705	0.035714285714285705	0.035714285714285705	0.035714285714285705	0.035714285714285705	0.035714285714285705	0.035714285714285705	0.035714285714285705	0.035714285714285705	0.035714285714285705
2.0	0.035714285714285705	0.035714285714285705	0.035714285714285705	0.035714285714285705	0.035714285714285705	0.035714285714285705	0.035714285714285705	0.035714285714285705	0.035714285714285705	0.035714285714285705	0.035714285714285705	0.035714285714285705	0.035714285714285705	0.035714285714285705	0.035714285714285705	0.035714285714285705	0.035714285714285705	0.035714285714285705	0.035714285714285705	0.035714285714285705	0.035714285714285705	0.035714285714285705	0.035714285714285705	0.035714285714285705	0.035714285714285705	0.035714285714285705	0.035714285714285705	0.035714285714285705
19.0	4.999325091112695e-06	4.999325091112695e-06	0.999865018222539	4.999325091112695e-06	4.999325091112695e-06	4.999325091112695e-06	4.999325091112695e-06	4.999325091112695e-06	4.999325091112695e-06	4.999325091112695e-06	4.999325091112695e-06	4.999325091112695e-06	4.999325091112695e-06	4.999325091112695e-06	4.999325091112695e-06	4.999325091112695e-06	4.999325091112695e-06	4.999325091112695e-06	4.999325091112695e-06	4.999325091112695e-06	4.999325091112695e-06	4.999325091112695e-06	4.999325091112695e-06	4.999325091112695e-06	4.999325091112695e-06	4.999325091112695e-06	4.999325091112695e-06	4.999325091112695e-06
20.0	1.666594447573941e-06	1.666594447573941e-06	1.666594447573941e-06	0.7805161776323037	0.2194404909120608	1.666594447573941e-06	1.666594447573941e-06	1.666594447573941e-06	1.666594447573941e-06	1.666594447573941e-06	1.666594447573941e-06	1.666594447573941e-06	1.666594447573941e-06	1.666594447573941e-06	1.666594447573941e-06	1.666594447573941e-06	1.666594447573941e-06	1.666594447573941e-06	1.666594447573941e-06	1.666594447573941e-06	1.666594447573941e-06	1.666594447573941e-06	1.666594447573941e-06	1.666594447573941e-06	1.666594447573941e-06	1.666594447573941e-06	1.666594447573941e-06	1.666594447573941e-06
21.0	3.33304446947931e-06	3.33304446947931e-06	0.022231406611426995	3.33304446947931e-06	0.9776819342323659	3.33304446947931e-06	3.33304446947931e-06	3.33304446947931e-06	3.33304446947931e-06	3.33304446947931e-06	3.33304446947931e-06	3.33304446947931e-06	3.33304446947931e-06	3.33304446947931e-06	3.33304446947931e-06	3.33304446947931e-06	3.33304446947931e-06	3.33304446947931e-06	3.33304446947931e-06	3.33304446947931e-06	3.33304446947931e-06	3.33304446947931e-06	3.33304446947931e-06	3.33304446947931e-06	3.33304446947931e-06	3.33304446947931e-06	3.33304446947931e-06	3.33304446947931e-06
30.0	0.035714285714285705	0.035714285714285705	0.035714285714285705	0.035714285714285705	0.035714285714285705	0.035714285714285705	0.035714285714285705	0.035714285714285705	0.035714285714285705	0.035714285714285705	0.035714285714285705	0.035714285714285705	0.035714285714285705	0.035714285714285705	0.035714285714285705	0.035714285714285705	0.035714285714285705	0.035714285714285705	0.035714285714285705	0.035714285714285705	0.035714285714285705	0.035714285714285705	0.035714285714285705	0.035714285714285705	0.035714285714285705	0.035714285714285705	0.035714285714285705	0.035714285714285705
22.0	0.035714285714285705	0.035714285714285705	0.035714285714285705	0.035714285714285705	0.035714285714285705	0.035714285714285705	0.035714285714285705	0.035714285714285705	0.035714285714285705	0.035714285714285705	0.035714285714285705	0.035714285714285705	0.035714285714285705	0.035714285714285705	0.035714285714285705	0.035714285714285705	0.035714285714285705	0.035714285714285705	0.035714285714285705	0.035714285714285705	0.035714285714285705	0.035714285714285705	0.035714285714285705	0.035714285714285705	0.035714285714285705	0.035714285714285705	0.035714285714285705	0.035714285714285705
100.0	0.035714285714285705	0.035714285714285705	0.035714285714285705	0.035714285714285705	0.035714285714285705	0.035714285714285705	0.035714285714285705	0.035714285714285705	0.035714285714285705	0.035714285714285705	0.035714285714285705	0.035714285714285705	0.035714285714285705	0.035714285714285705	0.035714285714285705	0.035714285714285705	0.035714285714285705	0.035714285714285705	0.035714285714285705	0.035714285714285705	0.035714285714285705	0.035714285714285705	0.035714285714285705	0.035714285714285705	0.035714285714285705	0.035714285714285705	0.035714285714285705	0.035714285714285705
104.0	0.035714285714285705	0.035714285714285705	0.035714285714285705	0.035714285714285705	0.035714285714285705	0.035714285714285705	0.035714285714285705	0.035714285714285705	0.035714285714285705	0.035714285714285705	0.035714285714285705	0.035714285714285705	0.035714285714285705	0.035714285714285705	0.035714285714285705	0.035714285714285705	0.035714285714285705	0.035714285714285705	0.035714285714285705	0.035714285714285705	0.035714285714285705	0.035714285714285705	0.035714285714285705	0.035714285714285705	0.035714285714285705	0.035714285714285705	0.035714285714285705	0.035714285714285705
83.0	0.035714285714285705	0.035714285714285705	0.035714285714285705	0.035714285714285705	0.035714285714285705	0.035714285714285705	0.035714285714285705	0.035714285714285705	0.035714285714285705	0.035714285714285705	0.035714285714285705	0.035714285714285705	0.035714285714285705	0.035714285714285705	0.035714285714285705	0.035714285714285705	0.035714285714285705	0.035714285714285705	0.035714285714285705	0.035714285714285705	0.035714285714285705	0.035714285714285705	0.035714285714285705	0.035714285714285705	0.035714285714285705	0.035714285714285705	0.035714285714285705	0.035714285714285705
110.0	0.035714285714285705	0.035714285714285705	0.035714285714285705	0.035714285714285705	0.035714285714285705	0.035714285714285705	0.035714285714285705	0.035714285714285705	0.035714285714285705	0.035714285714285705	0.035714285714285705	0.035714285714285705	0.035714285714285705	0.035714285714285705	0.035714285714285705	0.035714285714285705	0.035714285714285705	0.035714285714285705	0.035714285714285705	0.035714285714285705	0.035714285714285705	0.035714285714285705	0.035714285714285705	0.035714285714285705	0.035714285714285705	0.035714285714285705	0.035714285714285705	0.035714285714285705
113.0	9.997300728803213e-06	9.997300728803213e-06	9.997300728803213e-06	9.997300728803213e-06	9.997300728803213e-06	9.997300728803213e-06	9.997300728803213e-06	9.997300728803213e-06	9.997300728803213e-06	9.997300728803213e-06	9.997300728803213e-06	0.9997300728803212	9.997300728803213e-06	9.997300728803213e-06	9.997300728803213e-06	9.997300728803213e-06	9.997300728803213e-06	9.997300728803213e-06	9.997300728803213e-06	9.997300728803213e-06	9.997300728803213e-06	9.997300728803213e-06	9.997300728803213e-06	9.997300728803213e-06	9.997300728803213e-06	9.997300728803213e-06	9.997300728803213e-06	9.997300728803213e-06
115.0	0.035714285714285705	0.035714285714285705	0.035714285714285705	0.035714285714285705	0.035714285714285705	0.035714285714285705	0.035714285714285705	0.035714285714285705	0.035714285714285705	0.035714285714285705	0.035714285714285705	0.035714285714285705	0.035714285714285705	0.035714285714285705	0.035714285714285705	0.035714285714285705	0.035714285714285705	0.035714285714285705	0.035714285714285705	0.035714285714285705	0.035714285714285705	0.035714285714285705	0.035714285714285705	0.035714285714285705	0.035714285714285705	0.035714285714285705	0.035714285714285705	0.035714285714285705
127.0	0.035714285714285705	0.035714285714285705	0.035714285714285705	0.035714285714285705	0.035714285714285705	0.035714285714285705	0.035714285714285705	0.035714285714285705	0.035714285714285705	0.035714285714285705	0.035714285714285705	0.035714285714285705	0.035714285714285705	0.035714285714285705	0.035714285714285705	0.035714285714285705	0.035714285714285705	0.035714285714285705	0.035714285714285705	0.035714285714285705	0.035714285714285705	0.035714285714285705	0.035714285714285705	0.035714285714285705	0.035714285714285705	0.035714285714285705	0.035714285714285705	0.035714285714285705
55.0	0.035714285714285705	0.035714285714285705	0.035714285714285705	0.035714285714285705	0.035714285714285705	0.035714285714285705	0.035714285714285705	0.035714285714285705	0.035714285714285705	0.035714285714285705	0.035714285714285705	0.035714285714285705	0.035714285714285705	0.035714285714285705	0.035714285714285705	0.035714285714285705	0.035714285714285705	0.035714285714285705	0.035714285714285705	0.035714285714285705	0.035714285714285705	0.035714285714285705	0.035714285714285705	0.035714285714285705	0.035714285714285705	0.035714285714285705	0.035714285714285705	0.035714285714285705
149.0	0.035714285714285705	0.035714285714285705	0.035714285714285705	0.035714285714285705	0.035714285714285705	0.035714285714285705	0.035714285714285705	0.035714285714285705	0.035714285714285705	0.035714285714285705	0.035714285714285705	0.035714285714285705	0.035714285714285705	0.035714285714285705	0.035714285714285705	0.035714285714285705	0.035714285714285705	0.035714285714285705	0.035714285714285705	0.035714285714285705	0.035714285714285705	0.035714285714285705	0.035714285714285705	0.035714285714285705	0.035714285714285705	0.035714285714285705	0.035714285714285705	0.035714285714285705
166.0	0.035714285714285705	0.035714285714285705	0.035714285714285705	0.035714285714285705	0.035714285714285705	0.035714285714285705	0.035714285714285705	0.035714285714285705	0.035714285714285705	0.035714285714285705	0.035714285714285705	0.035714285714285705	0.035714285714285705	0.035714285714285705	0.035714285714285705	0.035714285714285705	0.035714285714285705	0.035714285714285705	0.035714285714285705	0.035714285714285705	0.035714285714285705	0.035714285714285705	0.035714285714285705	0.035714285714285705	0.035714285714285705	0.035714285714285705	0.035714285714285705	0.035714285714285705
170.0	0.035714285714285705	0.035714285714285705	0.035714285714285705	0.035714285714285705	0.035714285714285705	0.035714285714285705	0.035714285714285705	0.035714285714285705	0.035714285714285705	0.035714285714285705	0.035714285714285705	0.035714285714285705	0.035714285714285705	0.035714285714285705	0.035714285714285705	0.035714285714285705	0.035714285714285705	0.035714285714285705	0.035714285714285705	0.035714285714285705	0.035714285714285705	0.035714285714285705	0.035714285714285705	0.035714285714285705	0.035714285714285705	0.035714285714285705	0.035714285714285705	0.035714285714285705
171.0	0.035714285714285705	0.035714285714285705	0.035714285714285705	0.035714285714285705	0.035714285714285705	0.035714285714285705	0.035714285714285705	0.035714285714285705	0.035714285714285705	0.035714285714285705	0.035714285714285705	0.035714285714285705	0.035714285714285705	0.035714285714285705	0.035714285714285705	0.035714285714285705	0.035714285714285705	0.035714285714285705	0.035714285714285705	0.035714285714285705	0.035714285714285705	0.035714285714285705	0.035714285714285705	0.035714285714285705	0.035714285714285705	0.035714285714285705	0.035714285714285705	0.035714285714285705
175.0	0.035714285714285705	0.035714285714285705	0.035714285714285705	0.035714285714285705	0.035714285714285705	0.035714285714285705	0.035714285714285705	0.035714285714285705	0.035714285714285705	0.035714285714285705	0.035714285714285705	0.035714285714285705	0.035714285714285705	0.035714285714285705	0.035714285714285705	0.035714285714285705	0.035714285714285705	0.035714285714285705	0.035714285714285705	0.035714285714285705	0.035714285714285705	0.035714285714285705	0.035714285714285705	0.035714285714285705	0.035714285714285705	0.035714285714285705	0.035714285714285705	0.035714285714285705
176.0	0.035714285714285705	0.035714285714285705	0.035714285714285705	0.035714285714285705	0.035714285714285705	0.035714285714285705	0.035714285714285705	0.035714285714285705	0.035714285714285705	0.035714285714285705	0.035714285714285705	0.035714285714285705	0.035714285714285705	0.035714285714285705	0.035714285714285705	0.035714285714285705	0.035714285714285705	0.035714285714285705	0.035714285714285705	0.035714285714285705	0.035714285714285705	0.035714285714285705	0.035714285714285705	0.035714285714285705	0.035714285714285705	0.035714285714285705	0.035714285714285705	0.035714285714285705
198.0	0.035714285714285705	0.035714285714285705	0.035714285714285705	0.035714285714285705	0.035714285714285705	0.035714285714285705	0.035714285714285705	0.035714285714285705	0.035714285714285705	0.035714285714285705	0.035714285714285705	0.035714285714285705	0.035714285714285705	0.035714285714285705	0.035714285714285705	0.035714285714285705	0.035714285714285705	0.035714285714285705	0.035714285714285705	0.035714285714285705	0.035714285714285705	0.035714285714285705	0.035714285714285705	0.035714285714285705	0.035714285714285705	0.035714285714285705	0.035714285714285705	0.035714285714285705
200.0	0.035714285714285705	0.035714285714285705	0.035714285714285705	0.035714285714285705	0.035714285714285705	0.035714285714285705	0.035714285714285705	0.035714285714285705	0.035714285714285705	0.035714285714285705	0.035714285714285705	0.035714285714285705	0.035714285714285705	0.035714285714285705	0.035714285714285705	0.035714285714285705	0.035714285714285705	0.035714285714285705	0.035714285714285705	0.035714285714285705	0.035714285714285705	0.035714285714285705	0.035714285714285705	0.035714285714285705	0.035714285714285705	0.035714285714285705	0.035714285714285705	0.035714285714285705
206.0	0.035714285714285705	0.035714285714285705	0.035714285714285705	0.035714285714285705	0.035714285714285705	0.035714285714285705	0.035714285714285705	0.035714285714285705	0.035714285714285705	0.035714285714285705	0.035714285714285705	0.035714285714285705	0.035714285714285705	0.035714285714285705	0.035714285714285705	0.035714285714285705	0.035714285714285705	0.035714285714285705	0.035714285714285705	0.035714285714285705	0.035714285714285705	0.035714285714285705	0.035714285714285705	0.035714285714285705	0.035714285714285705	0.035714285714285705	0.035714285714285705	0.035714285714285705
207.0	0.035714285714285705	0.035714285714285705	0.035714285714285705	0.035714285714285705	0.035714285714285705	0.035714285714285705	0.035714285714285705	0.035714285714285705	0.035714285714285705	0.035714285714285705	0.035714285714285705	0.035714285714285705	0.035714285714285705	0.035714285714285705	0.035714285714285705	0.035714285714285705	0.035714285714285705	0.035714285714285705	0.035714285714285705	0.035714285714285705	0.035714285714285705	0.035714285714285705	0.035714285714285705	0.035714285714285705	0.035714285714285705	0.035714285714285705	0.035714285714285705	0.035714285714285705
32.0	0.035714285714285705	0.035714285714285705	0.035714285714285705	0.035714285714285705	0.035714285714285705	0.035714285714285705	0.035714285714285705	0.035714285714285705	0.035714285714285705	0.035714285714285705	0.035714285714285705	0.035714285714285705	0.035714285714285705	0.035714285714285705	0.035714285714285705	0.035714285714285705	0.035714285714285705	0.035714285714285705	0.035714285714285705	0.035714285714285705	0.035714285714285705	0.035714285714285705	0.035714285714285705	0.035714285714285705	0.035714285714285705	0.035714285714285705	0.035714285714285705	0.035714285714285705
210.0	0.035714285714285705	0.035714285714285705	0.035714285714285705	0.035714285714285705	0.035714285714285705	0.035714285714285705	0.035714285714285705	0.035714285714285705	0.035714285714285705	0.035714285714285705	0.035714285714285705	0.035714285714285705	0.035714285714285705	0.035714285714285705	0.035714285714285705	0.035714285714285705	0.035714285714285705	0.035714285714285705	0.035714285714285705	0.035714285714285705	0.035714285714285705	0.035714285714285705	0.035714285714285705	0.035714285714285705	0.035714285714285705	0.035714285714285705	0.035714285714285705	0.035714285714285705
218.0	0.035714285714285705	0.035714285714285705	0.035714285714285705	0.035714285714285705	0.035714285714285705	0.035714285714285705	0.035714285714285705	0.035714285714285705	0.035714285714285705	0.035714285714285705	0.035714285714285705	0.035714285714285705	0.035714285714285705	0.035714285714285705	0.035714285714285705	0.035714285714285705	0.035714285714285705	0.035714285714285705	0.035714285714285705	0.035714285714285705	0.035714285714285705	0.035714285714285705	0.035714285714285705	0.035714285714285705	0.035714285714285705	0.035714285714285705	0.035714285714285705	0.035714285714285705
