	(17-18)-1.0	(17-18)-2.0	(17-18)-19.0	(17-18)-20.0	(17-18)-21.0	(17-18)-30.0	(17-18)-22.0	(17-18)-100.0	(17-18)-104.0	(17-18)-83.0	(17-18)-110.0	(17-18)-113.0	(17-18)-115.0	(17-18)-127.0	(17-18)-55.0	(17-18)-149.0	(17-18)-166.0	(17-18)-170.0	(17-18)-171.0	(17-18)-175.0	(17-18)-176.0	(17-18)-198.0	(17-18)-200.0	(17-18)-206.0	(17-18)-207.0	(17-18)-32.0	(17-18)-210.0	(17-18)-218.0
1.0	0.035714285714285705	0.035714285714285705	0.035714285714285705	0.035714285714285705	0.035714285714285705	0.035714285714285705	0.035714285714285705	0.035714285714285705	0.035714285714285705	0.035714285714285705	0.035714285714285705	0.035714285714285705	0.035714285714285705	0.035714285714285705	0.035714285714285705	0.035714285714285705	0.035714285714285705	0.035714285714285705	0.035714285714285705	0.035714285714285705	0.035714285714285705	0.035714285714285705	0.035714285714285705	0.035714285714285705	0.035714285714285705	0.035714285714285705	0.035714285714285705	0.035714285714285705
2.0	0.035714285714285705	0.035714285714285705	0.035714285714285705	0.035714285714285705	0.035714285714285705	0.035714285714285705	0.035714285714285705	0.035714285714285705	0.035714285714285705	0.035714285714285705	0.035714285714285705	0.035714285714285705	0.035714285714285705	0.035714285714285705	0.035714285714285705	0.035714285714285705	0.035714285714285705	0.035714285714285705	0.035714285714285705	0.035714285714285705	0.035714285714285705	0.035714285714285705	0.035714285714285705	0.035714285714285705	0.035714285714285705	0.035714285714285705	0.035714285714285705	0.035714285714285705
19.0	4.837999583932032e-06	4.837999583932032e-06	0.999869374011233	4.837999583932032e-06	4.837999583932032e-06	4.837999583932032e-06	4.837999583932032e-06	4.837999583932032e-06	4.837999583932032e-06	4.837999583932032e-06	4.837999583932032e-06	4.837999583932032e-06	4.837999583932032e-06	4.837999583932032e-06	4.837999583932032e-06	4.837999583932032e-06	4.837999583932032e-06	4.837999583932032e-06	4.837999583932032e-06	4.837999583932032e-06	4.837999583932032e-06	4.837999583932032e-06	4.837999583932032e-06	4.837999583932032e-06	4.837999583932032e-06	4.837999583932032e-06	4.837999583932032e-06	4.837999583932032e-06
20.0	2.1351279795710997e-06	2.1351279795710997e-06	2.1351279795710997e-06	0.6405383938713298	0.35940609280120317	2.1351279795710997e-06	2.1351279795710997e-06	2.1351279795710997e-06	2.1351279795710997e-06	2.1351279795710997e-06	2.1351279795710997e-06	2.1351279795710997e-06	2.1351279795710997e-06	2.1351279795710997e-06	2.1351279795710997e-06	2.1351279795710997e-06	2.1351279795710997e-06	2.1351279795710997e-06	2.1351279795710997e-06	2.1351279795710997e-06	2.1351279795710997e-06	2.1351279795710997e-06	2.1351279795710997e-06	2.1351279795710997e-06	2.1351279795710997e-06	2.1351279795710997e-06	2.1351279795710997e-06	2.1351279795710997e-06
21.0	2.3527972406394013e-06	2.3527972406394013e-06	0.2195865664688753	2.3527972406394013e-06	0.7803522608028701	2.3527972406394013e-06	2.3527972406394013e-06	2.3527972406394013e-06	2.3527972406394013e-06	2.3527972406394013e-06	2.3527972406394013e-06	2.3527972406394013e-06	2.3527972406394013e-06	2.3527972406394013e-06	2.3527972406394013e-06	2.3527972406394013e-06	2.3527972406394013e-06	2.3527972406394013e-06	2.3527972406394013e-06	2.3527972406394013e-06	2.3527972406394013e-06	2.3527972406394013e-06	2.3527972406394013e-06	2.3527972406394013e-06	2.3527972406394013e-06	2.3527972406394013e-06	2.3527972406394013e-06	2.3527972406394013e-06
30.0	0.035714285714285705	0.035714285714285705	0.035714285714285705	0.035714285714285705	0.035714285714285705	0.035714285714285705	0.035714285714285705	0.035714285714285705	0.035714285714285705	0.035714285714285705	0.035714285714285705	0.035714285714285705	0.035714285714285705	0.035714285714285705	0.035714285714285705	0.035714285714285705	0.035714285714285705	0.035714285714285705	0.035714285714285705	0.035714285714285705	0.035714285714285705	0.035714285714285705	0.035714285714285705	0.035714285714285705	0.035714285714285705	0.035714285714285705	0.035714285714285705	0.035714285714285705
22.0	0.035714285714285705	0.035714285714285705	0.035714285714285705	0.035714285714285705	0.035714285714285705	0.035714285714285705	0.035714285714285705	0.035714285714285705	0.035714285714285705	0.035714285714285705	0.035714285714285705	0.035714285714285705	0.035714285714285705	0.035714285714285705	0.035714285714285705	0.035714285714285705	0.035714285714285705	0.035714285714285705	0.035714285714285705	0.035714285714285705	0.035714285714285705	0.035714285714285705	0.035714285714285705	0.035714285714285705	0.035714285714285705	0.035714285714285705	0.035714285714285705	0.035714285714285705
100.0	0.035714285714285705	0.035714285714285705	0.035714285714285705	0.035714285714285705	0.035714285714285705	0.035714285714285705	0.035714285714285705	0.035714285714285705	0.035714285714285705	0.035714285714285705	0.035714285714285705	0.035714285714285705	0.035714285714285705	0.035714285714285705	0.035714285714285705	0.035714285714285705	0.035714285714285705	0.035714285714285705	0.035714285714285705	0.035714285714285705	0.035714285714285705	0.035714285714285705	0.035714285714285705	0.035714285714285705	0.035714285714285705	0.035714285714285705	0.035714285714285705	0.035714285714285705
104.0	0.035714285714285705	0.035714285714285705	0.035714285714285705	0.035714285714285705	0.035714285714285705	0.035714285714285705	0.035714285714285705	0.035714285714285705	0.035714285714285705	0.035714285714285705	0.035714285714285705	0.035714285714285705	0.035714285714285705	0.035714285714285705	0.035714285714285705	0.035714285714285705	0.035714285714285705	0.035714285714285705	0.035714285714285705	0.035714285714285705	0.035714285714285705	0.035714285714285705	0.035714285714285705	0.035714285714285705	0.035714285714285705	0.035714285714285705	0.035714285714285705	0.035714285714285705
83.0	0.035714285714285705	0.035714285714285705	0.035714285714285705	0.035714285714285705	0.035714285714285705	0.035714285714285705	0.035714285714285705	0.035714285714285705	0.035714285714285705	0.035714285714285705	0.035714285714285705	0.035714285714285705	0.035714285714285705	0.035714285714285705	0.035714285714285705	0.035714285714285705	0.035714285714285705	0.035714285714285705	0.035714285714285705	0.035714285714285705	0.035714285714285705	0.035714285714285705	0.035714285714285705	0.035714285714285705	0.035714285714285705	0.035714285714285705	0.035714285714285705	0.035714285714285705
110.0	0.035714285714285705	0.035714285714285705	0.035714285714285705	0.035714285714285705	0.035714285714285705	0.035714285714285705	0.035714285714285705	0.035714285714285705	0.035714285714285705	0.035714285714285705	0.035714285714285705	0.035714285714285705	0.035714285714285705	0.035714285714285705	0.035714285714285705	0.035714285714285705	0.035714285714285705	0.035714285714285705	0.035714285714285705	0.035714285714285705	0.035714285714285705	0.035714285714285705	0.035714285714285705	0.035714285714285705	0.035714285714285705	0.035714285714285705	0.035714285714285705	0.035714285714285705
113.0	9.997400675824277e-06	9.997400675824277e-06	9.997400675824277e-06	9.997400675824277e-06	9.997400675824277e-06	9.997400675824277e-06	9.997400675824277e-06	9.997400675824277e-06	9.997400675824277e-06	9.997400675824277e-06	0.58314838142083	0.4165916861615976	9.997400675824277e-06	9.997400675824277e-06	9.997400675824277e-06	9.997400675824277e-06	9.997400675824277e-06	9.997400675824277e-06	9.997400675824277e-06	9.997400675824277e-06	9.997400675824277e-06	9.997400675824277e-06	9.997400675824277e-06	9.997400675824277e-06	9.997400675824277e-06	9.997400675824277e-06	9.997400675824277e-06	9.997400675824277e-06
115.0	0.035714285714285705	0.035714285714285705	0.035714285714285705	0.035714285714285705	0.035714285714285705	0.035714285714285705	0.035714285714285705	0.035714285714285705	0.035714285714285705	0.035714285714285705	0.035714285714285705	0.035714285714285705	0.035714285714285705	0.035714285714285705	0.035714285714285705	0.035714285714285705	0.035714285714285705	0.035714285714285705	0.035714285714285705	0.035714285714285705	0.035714285714285705	0.035714285714285705	0.035714285714285705	0.035714285714285705	0.035714285714285705	0.035714285714285705	0.035714285714285705	0.035714285714285705
127.0	0.035714285714285705	0.035714285714285705	0.035714285714285705	0.035714285714285705	0.035714285714285705	0.035714285714285705	0.035714285714285705	0.035714285714285705	0.035714285714285705	0.035714285714285705	0.035714285714285705	0.035714285714285705	0.035714285714285705	0.035714285714285705	0.035714285714285705	0.035714285714285705	0.035714285714285705	0.035714285714285705	0.035714285714285705	0.035714285714285705	0.035714285714285705	0.035714285714285705	0.035714285714285705	0.035714285714285705	0.035714285714285705	0.035714285714285705	0.035714285714285705	0.035714285714285705
55.0	0.035714285714285705	0.035714285714285705	0.035714285714285705	0.035714285714285705	0.035714285714285705	0.035714285714285705	0.035714285714285705	0.035714285714285705	0.035714285714285705	0.035714285714285705	0.035714285714285705	0.035714285714285705	0.035714285714285705	0.035714285714285705	0.035714285714285705	0.035714285714285705	0.035714285714285705	0.035714285714285705	0.035714285714285705	0.035714285714285705	0.035714285714285705	0.035714285714285705	0.035714285714285705	0.035714285714285705	0.035714285714285705	0.035714285714285705	0.035714285714285705	0.035714285714285705
149.0	0.035714285714285705	0.035714285714285705	0.035714285714285705	0.035714285714285705	0.035714285714285705	0.035714285714285705	0.035714285714285705	0.035714285714285705	0.035714285714285705	0.035714285714285705	0.035714285714285705	0.035714285714285705	0.035714285714285705	0.035714285714285705	0.035714285714285705	0.035714285714285705	0.035714285714285705	0.035714285714285705	0.035714285714285705	0.035714285714285705	0.035714285714285705	0.035714285714285705	0.035714285714285705	0.035714285714285705	0.035714285714285705	0.035714285714285705	0.035714285714285705	0.035714285714285705
166.0	0.035714285714285705	0.035714285714285705	0.035714285714285705	0.035714285714285705	0.035714285714285705	0.035714285714285705	0.035714285714285705	0.035714285714285705	0.035714285714285705	0.035714285714285705	0.035714285714285705	0.035714285714285705	0.035714285714285705	0.035714285714285705	0.035714285714285705	0.035714285714285705	0.035714285714285705	0.035714285714285705	0.035714285714285705	0.035714285714285705	0.035714285714285705	0.035714285714285705	0.035714285714285705	0.035714285714285705	0.035714285714285705	0.035714285714285705	0.035714285714285705	0.035714285714285705
170.0	0.035714285714285705	0.035714285714285705	0.035714285714285705	0.035714285714285705	0.035714285714285705	0.035714285714285705	0.035714285714285705	0.035714285714285705	0.035714285714285705	0.035714285714285705	0.035714285714285705	0.035714285714285705	0.035714285714285705	0.035714285714285705	0.035714285714285705	0.035714285714285705	0.035714285714285705	0.035714285714285705	0.035714285714285705	0.035714285714285705	0.035714285714285705	0.035714285714285705	0.035714285714285705	0.035714285714285705	0.035714285714285705	0.035714285714285705	0.035714285714285705	0.035714285714285705
171.0	0.035714285714285705	0.035714285714285705	0.035714285714285705	0.035714285714285705	0.035714285714285705	0.035714285714285705	0.035714285714285705	0.035714285714285705	0.035714285714285705	0.035714285714285705	0.035714285714285705	0.035714285714285705	0.035714285714285705	0.035714285714285705	0.035714285714285705	0.035714285714285705	0.035714285714285705	0.035714285714285705	0.035714285714285705	0.035714285714285705	0.035714285714285705	0.035714285714285705	0.035714285714285705	0.035714285714285705	0.035714285714285705	0.035714285714285705	0.035714285714285705	0.035714285714285705
175.0	0.035714285714285705	0.035714285714285705	0.035714285714285705	0.035714285714285705	0.035714285714285705	0.035714285714285705	0.035714285714285705	0.035714285714285705	0.035714285714285705	0.035714285714285705	0.035714285714285705	0.035714285714285705	0.035714285714285705	0.035714285714285705	0.035714285714285705	0.035714285714285705	0.035714285714285705	0.035714285714285705	0.035714285714285705	0.035714285714285705	0.035714285714285705	0.035714285714285705	0.035714285714285705	0.035714285714285705	0.035714285714285705	0.035714285714285705	0.035714285714285705	0.035714285714285705
176.0	0.035714285714285705	0.035714285714285705	0.035714285714285705	0.035714285714285705	0.035714285714285705	0.035714285714285705	0.035714285714285705	0.035714285714285705	0.035714285714285705	0.035714285714285705	0.035714285714285705	0.035714285714285705	0.035714285714285705	0.035714285714285705	0.035714285714285705	0.035714285714285705	0.035714285714285705	0.035714285714285705	0.035714285714285705	0.035714285714285705	0.035714285714285705	0.035714285714285705	0.035714285714285705	0.035714285714285705	0.035714285714285705	0.035714285714285705	0.035714285714285705	0.035714285714285705
198.0	0.035714285714285705	0.035714285714285705	0.035714285714285705	0.035714285714285705	0.035714285714285705	0.035714285714285705	0.035714285714285705	0.035714285714285705	0.035714285714285705	0.035714285714285705	0.035714285714285705	0.035714285714285705	0.035714285714285705	0.035714285714285705	0.035714285714285705	0.035714285714285705	0.035714285714285705	0.035714285714285705	0.035714285714285705	0.035714285714285705	0.035714285714285705	0.035714285714285705	0.035714285714285705	0.035714285714285705	0.035714285714285705	0.035714285714285705	0.035714285714285705	0.035714285714285705
200.0	0.035714285714285705	0.035714285714285705	0.035714285714285705	0.035714285714285705	0.035714285714285705	0.035714285714285705	0.035714285714285705	0.035714285714285705	0.035714285714285705	0.035714285714285705	0.035714285714285705	0.035714285714285705	0.035714285714285705	0.035714285714285705	0.035714285714285705	0.035714285714285705	0.035714285714285705	0.035714285714285705	0.035714285714285705	0.035714285714285705	0.035714285714285705	0.035714285714285705	0.035714285714285705	0.035714285714285705	0.035714285714285705	0.035714285714285705	0.035714285714285705	0.035714285714285705
206.0	0.035714285714285705	0.035714285714285705	0.035714285714285705	0.035714285714285705	0.035714285714285705	0.035714285714285705	0.035714285714285705	0.035714285714285705	0.035714285714285705	0.035714285714285705	0.035714285714285705	0.035714285714285705	0.035714285714285705	0.035714285714285705	0.035714285714285705	0.035714285714285705	0.035714285714285705	0.035714285714285705	0.035714285714285705	0.035714285714285705	0.035714285714285705	0.035714285714285705	0.035714285714285705	0.035714285714285705	0.035714285714285705	0.035714285714285705	0.035714285714285705	0.035714285714285705
207.0	0.035714285714285705	0.035714285714285705	0.035714285714285705	0.035714285714285705	0.035714285714285705	0.035714285714285705	0.035714285714285705	0.035714285714285705	0.035714285714285705	0.035714285714285705	0.035714285714285705	0.035714285714285705	0.035714285714285705	0.035714285714285705	0.035714285714285705	0.035714285714285705	0.035714285714285705	0.035714285714285705	0.035714285714285705	0.035714285714285705	0.035714285714285705	0.035714285714285705	0.035714285714285705	0.035714285714285705	0.035714285714285705	0.035714285714285705	0.035714285714285705	0.035714285714285705
32.0	0.035714285714285705	0.035714285714285705	0.035714285714285705	0.035714285714285705	0.035714285714285705	0.035714285714285705	0.035714285714285705	0.035714285714285705	0.035714285714285705	0.035714285714285705	0.035714285714285705	0.035714285714285705	0.035714285714285705	0.035714285714285705	0.035714285714285705	0.035714285714285705	0.035714285714285705	0.035714285714285705	0.035714285714285705	0.035714285714285705	0.035714285714285705	0.035714285714285705	0.035714285714285705	0.035714285714285705	0.035714285714285705	0.035714285714285705	0.035714285714285705	0.035714285714285705
210.0	0.035714285714285705	0.035714285714285705	0.035714285714285705	0.035714285714285705	0.035714285714285705	0.035714285714285705	0.035714285714285705	0.035714285714285705	0.035714285714285705	0.035714285714285705	0.035714285714285705	0.035714285714285705	0.035714285714285705	0.035714285714285705	0.035714285714285705	0.035714285714285705	0.035714285714285705	0.035714285714285705	0.035714285714285705	0.035714285714285705	0.035714285714285705	0.035714285714285705	0.035714285714285705	0.035714285714285705	0.035714285714285705	0.035714285714285705	0.035714285714285705	0.035714285714285705
218.0	0.035714285714285705	0.035714285714285705	0.035714285714285705	0.035714285714285705	0.035714285714285705	0.035714285714285705	0.035714285714285705	0.035714285714285705	0.035714285714285705	0.035714285714285705	0.035714285714285705	0.035714285714285705	0.035714285714285705	0.035714285714285705	0.035714285714285705	0.035714285714285705	0.035714285714285705	0.035714285714285705	0.035714285714285705	0.035714285714285705	0.035714285714285705	0.035714285714285705	0.035714285714285705	0.035714285714285705	0.035714285714285705	0.035714285714285705	0.035714285714285705	0.035714285714285705
