	(10-11)-1.0	(10-11)-2.0	(10-11)-3.0	(10-11)-4.0	(10-11)-5.0	(10-11)-6.0	(10-11)-7.0	(10-11)-8.0	(10-11)-9.0	(10-11)-10.0	(10-11)-11.0	(10-11)-12.0	(10-11)-13.0	(10-11)-14.0	(10-11)-15.0	(10-11)-16.0	(10-11)-17.0
1.0	0.058823529411764705	0.058823529411764705	0.058823529411764705	0.058823529411764705	0.058823529411764705	0.058823529411764705	0.058823529411764705	0.058823529411764705	0.058823529411764705	0.058823529411764705	0.058823529411764705	0.058823529411764705	0.058823529411764705	0.058823529411764705	0.058823529411764705	0.058823529411764705	0.058823529411764705
2.0	4.441508102984254e-05	0.9992893587035218	4.441508102984254e-05	4.441508102984254e-05	4.441508102984254e-05	4.441508102984254e-05	4.441508102984254e-05	4.441508102984254e-05	4.441508102984254e-05	4.441508102984254e-05	4.441508102984254e-05	4.441508102984254e-05	4.441508102984254e-05	4.441508102984254e-05	4.441508102984254e-05	4.441508102984254e-05	4.441508102984254e-05
3.0	5.63329106196328e-06	0.5848028017218675	0.4151126989122025	5.63329106196328e-06	5.63329106196328e-06	5.63329106196328e-06	5.63329106196328e-06	5.63329106196328e-06	5.63329106196328e-06	5.63329106196328e-06	5.63329106196328e-06	5.63329106196328e-06	5.63329106196328e-06	5.63329106196328e-06	5.63329106196328e-06	5.63329106196328e-06	5.63329106196328e-06
4.0	0.058823529411764705	0.058823529411764705	0.058823529411764705	0.058823529411764705	0.058823529411764705	0.058823529411764705	0.058823529411764705	0.058823529411764705	0.058823529411764705	0.058823529411764705	0.058823529411764705	0.058823529411764705	0.058823529411764705	0.058823529411764705	0.058823529411764705	0.058823529411764705	0.058823529411764705
5.0	4.999600031997439e-06	4.999600031997439e-06	4.999600031997439e-06	4.999600031997439e-06	0.9999200063994877	4.999600031997439e-06	4.999600031997439e-06	4.999600031997439e-06	4.999600031997439e-06	4.999600031997439e-06	4.999600031997439e-06	4.999600031997439e-06	4.999600031997439e-06	4.999600031997439e-06	4.999600031997439e-06	4.999600031997439e-06	4.999600031997439e-06
6.0	0.058823529411764705	0.058823529411764705	0.058823529411764705	0.058823529411764705	0.058823529411764705	0.058823529411764705	0.058823529411764705	0.058823529411764705	0.058823529411764705	0.058823529411764705	0.058823529411764705	0.058823529411764705	0.058823529411764705	0.058823529411764705	0.058823529411764705	0.058823529411764705	0.058823529411764705
7.0	0.058823529411764705	0.058823529411764705	0.058823529411764705	0.058823529411764705	0.058823529411764705	0.058823529411764705	0.058823529411764705	0.058823529411764705	0.058823529411764705	0.058823529411764705	0.058823529411764705	0.058823529411764705	0.058823529411764705	0.058823529411764705	0.058823529411764705	0.058823529411764705	0.058823529411764705
8.0	9.99840025595904e-06	9.99840025595904e-06	9.99840025595904e-06	9.99840025595904e-06	9.99840025595904e-06	9.99840025595904e-06	9.99840025595904e-06	0.999840025595904	9.99840025595904e-06	9.99840025595904e-06	9.99840025595904e-06	9.99840025595904e-06	9.99840025595904e-06	9.99840025595904e-06	9.99840025595904e-06	9.99840025595904e-06	9.99840025595904e-06
9.0	0.058823529411764705	0.058823529411764705	0.058823529411764705	0.058823529411764705	0.058823529411764705	0.058823529411764705	0.058823529411764705	0.058823529411764705	0.058823529411764705	0.058823529411764705	0.058823529411764705	0.058823529411764705	0.058823529411764705	0.058823529411764705	0.058823529411764705	0.058823529411764705	0.058823529411764705
10.0	0.058823529411764705	0.058823529411764705	0.058823529411764705	0.058823529411764705	0.058823529411764705	0.058823529411764705	0.058823529411764705	0.058823529411764705	0.058823529411764705	0.058823529411764705	0.058823529411764705	0.058823529411764705	0.058823529411764705	0.058823529411764705	0.058823529411764705	0.058823529411764705	0.058823529411764705
11.0	0.058823529411764705	0.058823529411764705	0.058823529411764705	0.058823529411764705	0.058823529411764705	0.058823529411764705	0.058823529411764705	0.058823529411764705	0.058823529411764705	0.058823529411764705	0.058823529411764705	0.058823529411764705	0.058823529411764705	0.058823529411764705	0.058823529411764705	0.058823529411764705	0.058823529411764705
12.0	0.058823529411764705	0.058823529411764705	0.058823529411764705	0.058823529411764705	0.058823529411764705	0.058823529411764705	0.058823529411764705	0.058823529411764705	0.058823529411764705	0.058823529411764705	0.058823529411764705	0.058823529411764705	0.058823529411764705	0.058823529411764705	0.058823529411764705	0.058823529411764705	0.058823529411764705
13.0	0.058823529411764705	0.058823529411764705	0.058823529411764705	0.058823529411764705	0.058823529411764705	0.058823529411764705	0.058823529411764705	0.058823529411764705	0.058823529411764705	0.058823529411764705	0.058823529411764705	0.058823529411764705	0.058823529411764705	0.058823529411764705	0.058823529411764705	0.058823529411764705	0.058823529411764705
14.0	0.058823529411764705	0.058823529411764705	0.058823529411764705	0.058823529411764705	0.058823529411764705	0.058823529411764705	0.058823529411764705	0.058823529411764705	0.058823529411764705	0.058823529411764705	0.058823529411764705	0.058823529411764705	0.058823529411764705	0.058823529411764705	0.058823529411764705	0.058823529411764705	0.058823529411764705
15.0	9.998400255959046e-06	9.998400255959046e-06	9.998400255959046e-06	9.998400255959046e-06	9.998400255959046e-06	9.998400255959046e-06	9.998400255959046e-06	9.998400255959046e-06	9.998400255959046e-06	9.998400255959046e-06	9.998400255959046e-06	9.998400255959046e-06	9.998400255959046e-06	9.998400255959046e-06	0.9998400255959045	9.998400255959046e-06	9.998400255959046e-06
16.0	0.058823529411764705	0.058823529411764705	0.058823529411764705	0.058823529411764705	0.058823529411764705	0.058823529411764705	0.058823529411764705	0.058823529411764705	0.058823529411764705	0.058823529411764705	0.058823529411764705	0.058823529411764705	0.058823529411764705	0.058823529411764705	0.058823529411764705	0.058823529411764705	0.058823529411764705
17.0	0.058823529411764705	0.058823529411764705	0.058823529411764705	0.058823529411764705	0.058823529411764705	0.058823529411764705	0.058823529411764705	0.058823529411764705	0.058823529411764705	0.058823529411764705	0.058823529411764705	0.058823529411764705	0.058823529411764705	0.058823529411764705	0.058823529411764705	0.058823529411764705	0.058823529411764705
