	(22-23)-1.0	(22-23)-2.0	(22-23)-3.0	(22-23)-4.0	(22-23)-5.0	(22-23)-6.0	(22-23)-7.0	(22-23)-8.0	(22-23)-9.0	(22-23)-10.0	(22-23)-11.0	(22-23)-12.0	(22-23)-13.0	(22-23)-14.0	(22-23)-15.0	(22-23)-16.0	(22-23)-17.0	(22-23)-18.0	(22-23)-19.0	(22-23)-20.0	(22-23)-21.0
1.0	0.04761904761904762	0.04761904761904762	0.04761904761904762	0.04761904761904762	0.04761904761904762	0.04761904761904762	0.04761904761904762	0.04761904761904762	0.04761904761904762	0.04761904761904762	0.04761904761904762	0.04761904761904762	0.04761904761904762	0.04761904761904762	0.04761904761904762	0.04761904761904762	0.04761904761904762	0.04761904761904762	0.04761904761904762	0.04761904761904762	0.04761904761904762
2.0	0.04761904761904762	0.04761904761904762	0.04761904761904762	0.04761904761904762	0.04761904761904762	0.04761904761904762	0.04761904761904762	0.04761904761904762	0.04761904761904762	0.04761904761904762	0.04761904761904762	0.04761904761904762	0.04761904761904762	0.04761904761904762	0.04761904761904762	0.04761904761904762	0.04761904761904762	0.04761904761904762	0.04761904761904762	0.04761904761904762	0.04761904761904762
3.0	0.04761904761904762	0.04761904761904762	0.04761904761904762	0.04761904761904762	0.04761904761904762	0.04761904761904762	0.04761904761904762	0.04761904761904762	0.04761904761904762	0.04761904761904762	0.04761904761904762	0.04761904761904762	0.04761904761904762	0.04761904761904762	0.04761904761904762	0.04761904761904762	0.04761904761904762	0.04761904761904762	0.04761904761904762	0.04761904761904762	0.04761904761904762
4.0	9.998000399920006e-06	9.998000399920006e-06	9.998000399920006e-06	0.9998000399920005	9.998000399920006e-06	9.998000399920006e-06	9.998000399920006e-06	9.998000399920006e-06	9.998000399920006e-06	9.998000399920006e-06	9.998000399920006e-06	9.998000399920006e-06	9.998000399920006e-06	9.998000399920006e-06	9.998000399920006e-06	9.998000399920006e-06	9.998000399920006e-06	9.998000399920006e-06	9.998000399920006e-06	9.998000399920006e-06	9.998000399920006e-06
5.0	1.6666138905601338e-06	1.6666138905601338e-06	1.6666138905601338e-06	1.6666138905601338e-06	0.9537879610076844	1.6666138905601338e-06	1.6666138905601338e-06	0.04618037332839581	1.6666138905601338e-06	1.6666138905601338e-06	1.6666138905601338e-06	1.6666138905601338e-06	1.6666138905601338e-06	1.6666138905601338e-06	1.6666138905601338e-06	1.6666138905601338e-06	1.6666138905601338e-06	1.6666138905601338e-06	1.6666138905601338e-06	1.6666138905601338e-06	1.6666138905601338e-06
6.0	0.04761904761904762	0.04761904761904762	0.04761904761904762	0.04761904761904762	0.04761904761904762	0.04761904761904762	0.04761904761904762	0.04761904761904762	0.04761904761904762	0.04761904761904762	0.04761904761904762	0.04761904761904762	0.04761904761904762	0.04761904761904762	0.04761904761904762	0.04761904761904762	0.04761904761904762	0.04761904761904762	0.04761904761904762	0.04761904761904762	0.04761904761904762
7.0	0.04761904761904762	0.04761904761904762	0.04761904761904762	0.04761904761904762	0.04761904761904762	0.04761904761904762	0.04761904761904762	0.04761904761904762	0.04761904761904762	0.04761904761904762	0.04761904761904762	0.04761904761904762	0.04761904761904762	0.04761904761904762	0.04761904761904762	0.04761904761904762	0.04761904761904762	0.04761904761904762	0.04761904761904762	0.04761904761904762	0.04761904761904762
8.0	0.04761904761904762	0.04761904761904762	0.04761904761904762	0.04761904761904762	0.04761904761904762	0.04761904761904762	0.04761904761904762	0.04761904761904762	0.04761904761904762	0.04761904761904762	0.04761904761904762	0.04761904761904762	0.04761904761904762	0.04761904761904762	0.04761904761904762	0.04761904761904762	0.04761904761904762	0.04761904761904762	0.04761904761904762	0.04761904761904762	0.04761904761904762
9.0	0.04761904761904762	0.04761904761904762	0.04761904761904762	0.04761904761904762	0.04761904761904762	0.04761904761904762	0.04761904761904762	0.04761904761904762	0.04761904761904762	0.04761904761904762	0.04761904761904762	0.04761904761904762	0.04761904761904762	0.04761904761904762	0.04761904761904762	0.04761904761904762	0.04761904761904762	0.04761904761904762	0.04761904761904762	0.04761904761904762	0.04761904761904762
10.0	9.998100360931418e-06	9.998100360931418e-06	9.998100360931418e-06	9.998100360931418e-06	9.998100360931418e-06	9.998100360931418e-06	9.998100360931418e-06	9.998100360931418e-06	9.998100360931418e-06	0.7406000267356605	0.2592100093574812	9.998100360931418e-06	9.998100360931418e-06	9.998100360931418e-06	9.998100360931418e-06	9.998100360931418e-06	9.998100360931418e-06	9.998100360931418e-06	9.998100360931418e-06	9.998100360931418e-06	9.998100360931418e-06
11.0	0.04761904761904762	0.04761904761904762	0.04761904761904762	0.04761904761904762	0.04761904761904762	0.04761904761904762	0.04761904761904762	0.04761904761904762	0.04761904761904762	0.04761904761904762	0.04761904761904762	0.04761904761904762	0.04761904761904762	0.04761904761904762	0.04761904761904762	0.04761904761904762	0.04761904761904762	0.04761904761904762	0.04761904761904762	0.04761904761904762	0.04761904761904762
12.0	9.998000399920011e-06	9.998000399920011e-06	9.998000399920011e-06	9.998000399920011e-06	9.998000399920011e-06	9.998000399920011e-06	9.998000399920011e-06	9.998000399920011e-06	9.998000399920011e-06	9.998000399920011e-06	9.998000399920011e-06	0.999800039992001	9.998000399920011e-06	9.998000399920011e-06	9.998000399920011e-06	9.998000399920011e-06	9.998000399920011e-06	9.998000399920011e-06	9.998000399920011e-06	9.998000399920011e-06	9.998000399920011e-06
13.0	0.04761904761904762	0.04761904761904762	0.04761904761904762	0.04761904761904762	0.04761904761904762	0.04761904761904762	0.04761904761904762	0.04761904761904762	0.04761904761904762	0.04761904761904762	0.04761904761904762	0.04761904761904762	0.04761904761904762	0.04761904761904762	0.04761904761904762	0.04761904761904762	0.04761904761904762	0.04761904761904762	0.04761904761904762	0.04761904761904762	0.04761904761904762
14.0	9.998000399920013e-06	9.998000399920013e-06	9.998000399920013e-06	9.998000399920013e-06	9.998000399920013e-06	9.998000399920013e-06	9.998000399920013e-06	9.998000399920013e-06	9.998000399920013e-06	9.998000399920013e-06	9.998000399920013e-06	9.998000399920013e-06	9.998000399920013e-06	0.9998000399920012	9.998000399920013e-06	9.998000399920013e-06	9.998000399920013e-06	9.998000399920013e-06	9.998000399920013e-06	9.998000399920013e-06	9.998000399920013e-06
15.0	0.04761904761904762	0.04761904761904762	0.04761904761904762	0.04761904761904762	0.04761904761904762	0.04761904761904762	0.04761904761904762	0.04761904761904762	0.04761904761904762	0.04761904761904762	0.04761904761904762	0.04761904761904762	0.04761904761904762	0.04761904761904762	0.04761904761904762	0.04761904761904762	0.04761904761904762	0.04761904761904762	0.04761904761904762	0.04761904761904762	0.04761904761904762
16.0	9.99810036093142e-06	9.99810036093142e-06	9.99810036093142e-06	9.99810036093142e-06	9.99810036093142e-06	9.99810036093142e-06	9.99810036093142e-06	0.06251741765014772	9.99810036093142e-06	9.99810036093142e-06	9.99810036093142e-06	9.99810036093142e-06	9.99810036093142e-06	9.99810036093142e-06	9.99810036093142e-06	0.9372926184429943	9.99810036093142e-06	9.99810036093142e-06	9.99810036093142e-06	9.99810036093142e-06	9.99810036093142e-06
17.0	0.04761904761904762	0.04761904761904762	0.04761904761904762	0.04761904761904762	0.04761904761904762	0.04761904761904762	0.04761904761904762	0.04761904761904762	0.04761904761904762	0.04761904761904762	0.04761904761904762	0.04761904761904762	0.04761904761904762	0.04761904761904762	0.04761904761904762	0.04761904761904762	0.04761904761904762	0.04761904761904762	0.04761904761904762	0.04761904761904762	0.04761904761904762
18.0	0.04761904761904762	0.04761904761904762	0.04761904761904762	0.04761904761904762	0.04761904761904762	0.04761904761904762	0.04761904761904762	0.04761904761904762	0.04761904761904762	0.04761904761904762	0.04761904761904762	0.04761904761904762	0.04761904761904762	0.04761904761904762	0.04761904761904762	0.04761904761904762	0.04761904761904762	0.04761904761904762	0.04761904761904762	0.04761904761904762	0.04761904761904762
19.0	0.04761904761904762	0.04761904761904762	0.04761904761904762	0.04761904761904762	0.04761904761904762	0.04761904761904762	0.04761904761904762	0.04761904761904762	0.04761904761904762	0.04761904761904762	0.04761904761904762	0.04761904761904762	0.04761904761904762	0.04761904761904762	0.04761904761904762	0.04761904761904762	0.04761904761904762	0.04761904761904762	0.04761904761904762	0.04761904761904762	0.04761904761904762
20.0	0.04761904761904762	0.04761904761904762	0.04761904761904762	0.04761904761904762	0.04761904761904762	0.04761904761904762	0.04761904761904762	0.04761904761904762	0.04761904761904762	0.04761904761904762	0.04761904761904762	0.04761904761904762	0.04761904761904762	0.04761904761904762	0.04761904761904762	0.04761904761904762	0.04761904761904762	0.04761904761904762	0.04761904761904762	0.04761904761904762	0.04761904761904762
21.0	0.04761904761904762	0.04761904761904762	0.04761904761904762	0.04761904761904762	0.04761904761904762	0.04761904761904762	0.04761904761904762	0.04761904761904762	0.04761904761904762	0.04761904761904762	0.04761904761904762	0.04761904761904762	0.04761904761904762	0.04761904761904762	0.04761904761904762	0.04761904761904762	0.04761904761904762	0.04761904761904762	0.04761904761904762	0.04761904761904762	0.04761904761904762
