	(6-7)-1.0	(6-7)-2.0	(6-7)-3.0	(6-7)-4.0	(6-7)-5.0	(6-7)-6.0	(6-7)-7.0	(6-7)-8.0	(6-7)-9.0	(6-7)-10.0	(6-7)-11.0	(6-7)-12.0	(6-7)-13.0	(6-7)-14.0	(6-7)-15.0	(6-7)-16.0	(6-7)-17.0	(6-7)-18.0	(6-7)-19.0	(6-7)-20.0	(6-7)-21.0
1.0	0.04761904761904762	0.04761904761904762	0.04761904761904762	0.04761904761904762	0.04761904761904762	0.04761904761904762	0.04761904761904762	0.04761904761904762	0.04761904761904762	0.04761904761904762	0.04761904761904762	0.04761904761904762	0.04761904761904762	0.04761904761904762	0.04761904761904762	0.04761904761904762	0.04761904761904762	0.04761904761904762	0.04761904761904762	0.04761904761904762	0.04761904761904762
2.0	0.04761904761904762	0.04761904761904762	0.04761904761904762	0.04761904761904762	0.04761904761904762	0.04761904761904762	0.04761904761904762	0.04761904761904762	0.04761904761904762	0.04761904761904762	0.04761904761904762	0.04761904761904762	0.04761904761904762	0.04761904761904762	0.04761904761904762	0.04761904761904762	0.04761904761904762	0.04761904761904762	0.04761904761904762	0.04761904761904762	0.04761904761904762
3.0	0.04761904761904762	0.04761904761904762	0.04761904761904762	0.04761904761904762	0.04761904761904762	0.04761904761904762	0.04761904761904762	0.04761904761904762	0.04761904761904762	0.04761904761904762	0.04761904761904762	0.04761904761904762	0.04761904761904762	0.04761904761904762	0.04761904761904762	0.04761904761904762	0.04761904761904762	0.04761904761904762	0.04761904761904762	0.04761904761904762	0.04761904761904762
4.0	4.9995000499949976e-06	4.9995000499949976e-06	4.9995000499949976e-06	0.9999000099989994	4.9995000499949976e-06	4.9995000499949976e-06	4.9995000499949976e-06	4.9995000499949976e-06	4.9995000499949976e-06	4.9995000499949976e-06	4.9995000499949976e-06	4.9995000499949976e-06	4.9995000499949976e-06	4.9995000499949976e-06	4.9995000499949976e-06	4.9995000499949976e-06	4.9995000499949976e-06	4.9995000499949976e-06	4.9995000499949976e-06	4.9995000499949976e-06	4.9995000499949976e-06
5.0	0.04761904761904762	0.04761904761904762	0.04761904761904762	0.04761904761904762	0.04761904761904762	0.04761904761904762	0.04761904761904762	0.04761904761904762	0.04761904761904762	0.04761904761904762	0.04761904761904762	0.04761904761904762	0.04761904761904762	0.04761904761904762	0.04761904761904762	0.04761904761904762	0.04761904761904762	0.04761904761904762	0.04761904761904762	0.04761904761904762	0.04761904761904762
6.0	0.04761904761904762	0.04761904761904762	0.04761904761904762	0.04761904761904762	0.04761904761904762	0.04761904761904762	0.04761904761904762	0.04761904761904762	0.04761904761904762	0.04761904761904762	0.04761904761904762	0.04761904761904762	0.04761904761904762	0.04761904761904762	0.04761904761904762	0.04761904761904762	0.04761904761904762	0.04761904761904762	0.04761904761904762	0.04761904761904762	0.04761904761904762
7.0	0.04761904761904762	0.04761904761904762	0.04761904761904762	0.04761904761904762	0.04761904761904762	0.04761904761904762	0.04761904761904762	0.04761904761904762	0.04761904761904762	0.04761904761904762	0.04761904761904762	0.04761904761904762	0.04761904761904762	0.04761904761904762	0.04761904761904762	0.04761904761904762	0.04761904761904762	0.04761904761904762	0.04761904761904762	0.04761904761904762	0.04761904761904762
8.0	2.6085890402740058e-06	2.6085890402740058e-06	2.6085890402740058e-06	2.6085890402740058e-06	2.6085890402740058e-06	2.6085890402740058e-06	2.6085890402740058e-06	0.7825767120822017	0.21737372472603292	2.6085890402740058e-06	2.6085890402740058e-06	2.6085890402740058e-06	2.6085890402740058e-06	2.6085890402740058e-06	2.6085890402740058e-06	2.6085890402740058e-06	2.6085890402740058e-06	2.6085890402740058e-06	2.6085890402740058e-06	2.6085890402740058e-06	2.6085890402740058e-06
9.0	2.3998656075259816e-06	2.3998656075259816e-06	2.3998656075259816e-06	2.3998656075259816e-06	2.3998656075259816e-06	2.3998656075259816e-06	2.3998656075259816e-06	2.3998656075259816e-06	0.9999520026878507	2.3998656075259816e-06	2.3998656075259816e-06	2.3998656075259816e-06	2.3998656075259816e-06	2.3998656075259816e-06	2.3998656075259816e-06	2.3998656075259816e-06	2.3998656075259816e-06	2.3998656075259816e-06	2.3998656075259816e-06	2.3998656075259816e-06	2.3998656075259816e-06
10.0	0.04761904761904762	0.04761904761904762	0.04761904761904762	0.04761904761904762	0.04761904761904762	0.04761904761904762	0.04761904761904762	0.04761904761904762	0.04761904761904762	0.04761904761904762	0.04761904761904762	0.04761904761904762	0.04761904761904762	0.04761904761904762	0.04761904761904762	0.04761904761904762	0.04761904761904762	0.04761904761904762	0.04761904761904762	0.04761904761904762	0.04761904761904762
11.0	0.04761904761904762	0.04761904761904762	0.04761904761904762	0.04761904761904762	0.04761904761904762	0.04761904761904762	0.04761904761904762	0.04761904761904762	0.04761904761904762	0.04761904761904762	0.04761904761904762	0.04761904761904762	0.04761904761904762	0.04761904761904762	0.04761904761904762	0.04761904761904762	0.04761904761904762	0.04761904761904762	0.04761904761904762	0.04761904761904762	0.04761904761904762
12.0	0.04761904761904762	0.04761904761904762	0.04761904761904762	0.04761904761904762	0.04761904761904762	0.04761904761904762	0.04761904761904762	0.04761904761904762	0.04761904761904762	0.04761904761904762	0.04761904761904762	0.04761904761904762	0.04761904761904762	0.04761904761904762	0.04761904761904762	0.04761904761904762	0.04761904761904762	0.04761904761904762	0.04761904761904762	0.04761904761904762	0.04761904761904762
13.0	0.04761904761904762	0.04761904761904762	0.04761904761904762	0.04761904761904762	0.04761904761904762	0.04761904761904762	0.04761904761904762	0.04761904761904762	0.04761904761904762	0.04761904761904762	0.04761904761904762	0.04761904761904762	0.04761904761904762	0.04761904761904762	0.04761904761904762	0.04761904761904762	0.04761904761904762	0.04761904761904762	0.04761904761904762	0.04761904761904762	0.04761904761904762
14.0	0.04761904761904762	0.04761904761904762	0.04761904761904762	0.04761904761904762	0.04761904761904762	0.04761904761904762	0.04761904761904762	0.04761904761904762	0.04761904761904762	0.04761904761904762	0.04761904761904762	0.04761904761904762	0.04761904761904762	0.04761904761904762	0.04761904761904762	0.04761904761904762	0.04761904761904762	0.04761904761904762	0.04761904761904762	0.04761904761904762	0.04761904761904762
15.0	0.04761904761904762	0.04761904761904762	0.04761904761904762	0.04761904761904762	0.04761904761904762	0.04761904761904762	0.04761904761904762	0.04761904761904762	0.04761904761904762	0.04761904761904762	0.04761904761904762	0.04761904761904762	0.04761904761904762	0.04761904761904762	0.04761904761904762	0.04761904761904762	0.04761904761904762	0.04761904761904762	0.04761904761904762	0.04761904761904762	0.04761904761904762
16.0	0.04761904761904762	0.04761904761904762	0.04761904761904762	0.04761904761904762	0.04761904761904762	0.04761904761904762	0.04761904761904762	0.04761904761904762	0.04761904761904762	0.04761904761904762	0.04761904761904762	0.04761904761904762	0.04761904761904762	0.04761904761904762	0.04761904761904762	0.04761904761904762	0.04761904761904762	0.04761904761904762	0.04761904761904762	0.04761904761904762	0.04761904761904762
17.0	0.04761904761904762	0.04761904761904762	0.04761904761904762	0.04761904761904762	0.04761904761904762	0.04761904761904762	0.04761904761904762	0.04761904761904762	0.04761904761904762	0.04761904761904762	0.04761904761904762	0.04761904761904762	0.04761904761904762	0.04761904761904762	0.04761904761904762	0.04761904761904762	0.04761904761904762	0.04761904761904762	0.04761904761904762	0.04761904761904762	0.04761904761904762
18.0	6.988993118858332e-05	6.988993118858332e-05	6.988993118858332e-05	6.988993118858332e-05	6.988993118858332e-05	6.988993118858332e-05	6.988993118858332e-05	6.988993118858332e-05	6.988993118858332e-05	6.988993118858332e-05	6.988993118858332e-05	6.988993118858332e-05	6.988993118858332e-05	6.988993118858332e-05	6.988993118858332e-05	6.988993118858332e-05	6.988993118858332e-05	0.8560535670387595	6.988993118858332e-05	0.14261852426865732	6.988993118858332e-05
19.0	1.1664557108114092e-05	1.1664557108114092e-05	1.1664557108114092e-05	1.1664557108114092e-05	1.1664557108114092e-05	1.1664557108114092e-05	1.1664557108114092e-05	1.1664557108114092e-05	1.1664557108114092e-05	1.1664557108114092e-05	1.1664557108114092e-05	1.1664557108114092e-05	1.1664557108114092e-05	1.1664557108114092e-05	1.1664557108114092e-05	1.1664557108114092e-05	1.1664557108114092e-05	0.8570018630335555	1.1664557108114092e-05	0.14277651038139036	1.1664557108114092e-05
20.0	0.04761904761904762	0.04761904761904762	0.04761904761904762	0.04761904761904762	0.04761904761904762	0.04761904761904762	0.04761904761904762	0.04761904761904762	0.04761904761904762	0.04761904761904762	0.04761904761904762	0.04761904761904762	0.04761904761904762	0.04761904761904762	0.04761904761904762	0.04761904761904762	0.04761904761904762	0.04761904761904762	0.04761904761904762	0.04761904761904762	0.04761904761904762
21.0	9.998000399920018e-06	9.998000399920018e-06	9.998000399920018e-06	9.998000399920018e-06	9.998000399920018e-06	9.998000399920018e-06	9.998000399920018e-06	9.998000399920018e-06	9.998000399920018e-06	9.998000399920018e-06	9.998000399920018e-06	9.998000399920018e-06	9.998000399920018e-06	9.998000399920018e-06	9.998000399920018e-06	9.998000399920018e-06	9.998000399920018e-06	9.998000399920018e-06	9.998000399920018e-06	9.998000399920018e-06	0.9998000399920016
