	(18-19)-1.0	(18-19)-2.0	(18-19)-3.0	(18-19)-4.0	(18-19)-5.0	(18-19)-6.0	(18-19)-7.0	(18-19)-8.0	(18-19)-9.0	(18-19)-10.0	(18-19)-11.0	(18-19)-12.0	(18-19)-13.0	(18-19)-14.0	(18-19)-15.0	(18-19)-16.0	(18-19)-17.0
1.0	0.058823529411764705	0.058823529411764705	0.058823529411764705	0.058823529411764705	0.058823529411764705	0.058823529411764705	0.058823529411764705	0.058823529411764705	0.058823529411764705	0.058823529411764705	0.058823529411764705	0.058823529411764705	0.058823529411764705	0.058823529411764705	0.058823529411764705	0.058823529411764705	0.058823529411764705
2.0	9.998400255959037e-06	0.9998400255959036	9.998400255959037e-06	9.998400255959037e-06	9.998400255959037e-06	9.998400255959037e-06	9.998400255959037e-06	9.998400255959037e-06	9.998400255959037e-06	9.998400255959037e-06	9.998400255959037e-06	9.998400255959037e-06	9.998400255959037e-06	9.998400255959037e-06	9.998400255959037e-06	9.998400255959037e-06	9.998400255959037e-06
3.0	0.058823529411764705	0.058823529411764705	0.058823529411764705	0.058823529411764705	0.058823529411764705	0.058823529411764705	0.058823529411764705	0.058823529411764705	0.058823529411764705	0.058823529411764705	0.058823529411764705	0.058823529411764705	0.058823529411764705	0.058823529411764705	0.058823529411764705	0.058823529411764705	0.058823529411764705
4.0	0.058823529411764705	0.058823529411764705	0.058823529411764705	0.058823529411764705	0.058823529411764705	0.058823529411764705	0.058823529411764705	0.058823529411764705	0.058823529411764705	0.058823529411764705	0.058823529411764705	0.058823529411764705	0.058823529411764705	0.058823529411764705	0.058823529411764705	0.058823529411764705	0.058823529411764705
5.0	0.058823529411764705	0.058823529411764705	0.058823529411764705	0.058823529411764705	0.058823529411764705	0.058823529411764705	0.058823529411764705	0.058823529411764705	0.058823529411764705	0.058823529411764705	0.058823529411764705	0.058823529411764705	0.058823529411764705	0.058823529411764705	0.058823529411764705	0.058823529411764705	0.058823529411764705
6.0	0.058823529411764705	0.058823529411764705	0.058823529411764705	0.058823529411764705	0.058823529411764705	0.058823529411764705	0.058823529411764705	0.058823529411764705	0.058823529411764705	0.058823529411764705	0.058823529411764705	0.058823529411764705	0.058823529411764705	0.058823529411764705	0.058823529411764705	0.058823529411764705	0.058823529411764705
7.0	0.058823529411764705	0.058823529411764705	0.058823529411764705	0.058823529411764705	0.058823529411764705	0.058823529411764705	0.058823529411764705	0.058823529411764705	0.058823529411764705	0.058823529411764705	0.058823529411764705	0.058823529411764705	0.058823529411764705	0.058823529411764705	0.058823529411764705	0.058823529411764705	0.058823529411764705
8.0	0.058823529411764705	0.058823529411764705	0.058823529411764705	0.058823529411764705	0.058823529411764705	0.058823529411764705	0.058823529411764705	0.058823529411764705	0.058823529411764705	0.058823529411764705	0.058823529411764705	0.058823529411764705	0.058823529411764705	0.058823529411764705	0.058823529411764705	0.058823529411764705	0.058823529411764705
9.0	0.058823529411764705	0.058823529411764705	0.058823529411764705	0.058823529411764705	0.058823529411764705	0.058823529411764705	0.058823529411764705	0.058823529411764705	0.058823529411764705	0.058823529411764705	0.058823529411764705	0.058823529411764705	0.058823529411764705	0.058823529411764705	0.058823529411764705	0.058823529411764705	0.058823529411764705
10.0	0.058823529411764705	0.058823529411764705	0.058823529411764705	0.058823529411764705	0.058823529411764705	0.058823529411764705	0.058823529411764705	0.058823529411764705	0.058823529411764705	0.058823529411764705	0.058823529411764705	0.058823529411764705	0.058823529411764705	0.058823529411764705	0.058823529411764705	0.058823529411764705	0.058823529411764705
11.0	6.741088281292129e-06	6.741088281292129e-06	6.741088281292129e-06	0.6741088281292128	6.741088281292129e-06	6.741088281292129e-06	6.741088281292129e-06	6.741088281292129e-06	6.741088281292129e-06	6.741088281292129e-06	0.14116775198187986	0.1846290446529687	6.741088281292129e-06	6.741088281292129e-06	6.741088281292129e-06	6.741088281292129e-06	6.741088281292129e-06
12.0	1.9347973299796854e-05	1.9347973299796854e-05	1.9347973299796854e-05	1.9347973299796854e-05	1.9347973299796854e-05	1.9347973299796854e-05	1.9347973299796854e-05	1.9347973299796854e-05	1.9347973299796854e-05	1.9347973299796854e-05	0.4331742478475382	0.5665355325529653	1.9347973299796854e-05	1.9347973299796854e-05	1.9347973299796854e-05	1.9347973299796854e-05	1.9347973299796854e-05
13.0	0.058823529411764705	0.058823529411764705	0.058823529411764705	0.058823529411764705	0.058823529411764705	0.058823529411764705	0.058823529411764705	0.058823529411764705	0.058823529411764705	0.058823529411764705	0.058823529411764705	0.058823529411764705	0.058823529411764705	0.058823529411764705	0.058823529411764705	0.058823529411764705	0.058823529411764705
14.0	0.058823529411764705	0.058823529411764705	0.058823529411764705	0.058823529411764705	0.058823529411764705	0.058823529411764705	0.058823529411764705	0.058823529411764705	0.058823529411764705	0.058823529411764705	0.058823529411764705	0.058823529411764705	0.058823529411764705	0.058823529411764705	0.058823529411764705	0.058823529411764705	0.058823529411764705
15.0	9.998400255959037e-06	0.9998400255959036	9.998400255959037e-06	9.998400255959037e-06	9.998400255959037e-06	9.998400255959037e-06	9.998400255959037e-06	9.998400255959037e-06	9.998400255959037e-06	9.998400255959037e-06	9.998400255959037e-06	9.998400255959037e-06	9.998400255959037e-06	9.998400255959037e-06	9.998400255959037e-06	9.998400255959037e-06	9.998400255959037e-06
16.0	9.998400255959046e-06	9.998400255959046e-06	9.998400255959046e-06	9.998400255959046e-06	9.998400255959046e-06	9.998400255959046e-06	9.998400255959046e-06	9.998400255959046e-06	9.998400255959046e-06	9.998400255959046e-06	9.998400255959046e-06	9.998400255959046e-06	9.998400255959046e-06	9.998400255959046e-06	9.998400255959046e-06	0.9998400255959045	9.998400255959046e-06
17.0	0.058823529411764705	0.058823529411764705	0.058823529411764705	0.058823529411764705	0.058823529411764705	0.058823529411764705	0.058823529411764705	0.058823529411764705	0.058823529411764705	0.058823529411764705	0.058823529411764705	0.058823529411764705	0.058823529411764705	0.058823529411764705	0.058823529411764705	0.058823529411764705	0.058823529411764705
