	(8-9)-1.0	(8-9)-2.0	(8-9)-3.0	(8-9)-4.0	(8-9)-5.0	(8-9)-6.0	(8-9)-9.0	(8-9)-10.0	(8-9)-26.0	(8-9)-28.0	(8-9)-33.0	(8-9)-40.0	(8-9)-58.0	(8-9)-59.0	(8-9)-60.0	(8-9)-61.0	(8-9)-63.0	(8-9)-88.0	(8-9)-89.0	(8-9)-90.0	(8-9)-34.0	(8-9)-8.0	(8-9)-102.0	(8-9)-107.0
1.0	0.04166666666666667	0.04166666666666667	0.04166666666666667	0.04166666666666667	0.04166666666666667	0.04166666666666667	0.04166666666666667	0.04166666666666667	0.04166666666666667	0.04166666666666667	0.04166666666666667	0.04166666666666667	0.04166666666666667	0.04166666666666667	0.04166666666666667	0.04166666666666667	0.04166666666666667	0.04166666666666667	0.04166666666666667	0.04166666666666667	0.04166666666666667	0.04166666666666667	0.04166666666666667	0.04166666666666667
2.0	3.408885601208108e-06	0.6192922471714769	0.06248487307014461	3.408885601208108e-06	3.408885601208108e-06	3.408885601208108e-06	3.408885601208108e-06	3.408885601208108e-06	3.408885601208108e-06	0.3181512931607527	3.408885601208108e-06	3.408885601208108e-06	3.408885601208108e-06	3.408885601208108e-06	3.408885601208108e-06	3.408885601208108e-06	3.408885601208108e-06	3.408885601208108e-06	3.408885601208108e-06	3.408885601208108e-06	3.408885601208108e-06	3.408885601208108e-06	3.408885601208108e-06	3.408885601208108e-06
3.0	0.04166666666666667	0.04166666666666667	0.04166666666666667	0.04166666666666667	0.04166666666666667	0.04166666666666667	0.04166666666666667	0.04166666666666667	0.04166666666666667	0.04166666666666667	0.04166666666666667	0.04166666666666667	0.04166666666666667	0.04166666666666667	0.04166666666666667	0.04166666666666667	0.04166666666666667	0.04166666666666667	0.04166666666666667	0.04166666666666667	0.04166666666666667	0.04166666666666667	0.04166666666666667	0.04166666666666667
4.0	0.04166666666666667	0.04166666666666667	0.04166666666666667	0.04166666666666667	0.04166666666666667	0.04166666666666667	0.04166666666666667	0.04166666666666667	0.04166666666666667	0.04166666666666667	0.04166666666666667	0.04166666666666667	0.04166666666666667	0.04166666666666667	0.04166666666666667	0.04166666666666667	0.04166666666666667	0.04166666666666667	0.04166666666666667	0.04166666666666667	0.04166666666666667	0.04166666666666667	0.04166666666666667	0.04166666666666667
5.0	0.04166666666666667	0.04166666666666667	0.04166666666666667	0.04166666666666667	0.04166666666666667	0.04166666666666667	0.04166666666666667	0.04166666666666667	0.04166666666666667	0.04166666666666667	0.04166666666666667	0.04166666666666667	0.04166666666666667	0.04166666666666667	0.04166666666666667	0.04166666666666667	0.04166666666666667	0.04166666666666667	0.04166666666666667	0.04166666666666667	0.04166666666666667	0.04166666666666667	0.04166666666666667	0.04166666666666667
6.0	0.04166666666666667	0.04166666666666667	0.04166666666666667	0.04166666666666667	0.04166666666666667	0.04166666666666667	0.04166666666666667	0.04166666666666667	0.04166666666666667	0.04166666666666667	0.04166666666666667	0.04166666666666667	0.04166666666666667	0.04166666666666667	0.04166666666666667	0.04166666666666667	0.04166666666666667	0.04166666666666667	0.04166666666666667	0.04166666666666667	0.04166666666666667	0.04166666666666667	0.04166666666666667	0.04166666666666667
9.0	0.04166666666666667	0.04166666666666667	0.04166666666666667	0.04166666666666667	0.04166666666666667	0.04166666666666667	0.04166666666666667	0.04166666666666667	0.04166666666666667	0.04166666666666667	0.04166666666666667	0.04166666666666667	0.04166666666666667	0.04166666666666667	0.04166666666666667	0.04166666666666667	0.04166666666666667	0.04166666666666667	0.04166666666666667	0.04166666666666667	0.04166666666666667	0.04166666666666667	0.04166666666666667	0.04166666666666667
10.0	0.04166666666666667	0.04166666666666667	0.04166666666666667	0.04166666666666667	0.04166666666666667	0.04166666666666667	0.04166666666666667	0.04166666666666667	0.04166666666666667	0.04166666666666667	0.04166666666666667	0.04166666666666667	0.04166666666666667	0.04166666666666667	0.04166666666666667	0.04166666666666667	0.04166666666666667	0.04166666666666667	0.04166666666666667	0.04166666666666667	0.04166666666666667	0.04166666666666667	0.04166666666666667	0.04166666666666667
26.0	0.04166666666666667	0.04166666666666667	0.04166666666666667	0.04166666666666667	0.04166666666666667	0.04166666666666667	0.04166666666666667	0.04166666666666667	0.04166666666666667	0.04166666666666667	0.04166666666666667	0.04166666666666667	0.04166666666666667	0.04166666666666667	0.04166666666666667	0.04166666666666667	0.04166666666666667	0.04166666666666667	0.04166666666666667	0.04166666666666667	0.04166666666666667	0.04166666666666667	0.04166666666666667	0.04166666666666667
28.0	0.0001494098311668909	0.0001494098311668909	0.0001494098311668909	0.0001494098311668909	0.0001494098311668909	0.0001494098311668909	0.0001494098311668909	0.0001494098311668909	0.0001494098311668909	0.9965635738831622	0.0001494098311668909	0.0001494098311668909	0.0001494098311668909	0.0001494098311668909	0.0001494098311668909	0.0001494098311668909	0.0001494098311668909	0.0001494098311668909	0.0001494098311668909	0.0001494098311668909	0.0001494098311668909	0.0001494098311668909	0.0001494098311668909	0.0001494098311668909
33.0	0.04166666666666667	0.04166666666666667	0.04166666666666667	0.04166666666666667	0.04166666666666667	0.04166666666666667	0.04166666666666667	0.04166666666666667	0.04166666666666667	0.04166666666666667	0.04166666666666667	0.04166666666666667	0.04166666666666667	0.04166666666666667	0.04166666666666667	0.04166666666666667	0.04166666666666667	0.04166666666666667	0.04166666666666667	0.04166666666666667	0.04166666666666667	0.04166666666666667	0.04166666666666667	0.04166666666666667
40.0	0.04166666666666667	0.04166666666666667	0.04166666666666667	0.04166666666666667	0.04166666666666667	0.04166666666666667	0.04166666666666667	0.04166666666666667	0.04166666666666667	0.04166666666666667	0.04166666666666667	0.04166666666666667	0.04166666666666667	0.04166666666666667	0.04166666666666667	0.04166666666666667	0.04166666666666667	0.04166666666666667	0.04166666666666667	0.04166666666666667	0.04166666666666667	0.04166666666666667	0.04166666666666667	0.04166666666666667
58.0	9.997700528878352e-06	9.997700528878352e-06	9.997700528878352e-06	9.997700528878352e-06	9.997700528878352e-06	9.997700528878352e-06	9.997700528878352e-06	9.997700528878352e-06	9.997700528878352e-06	9.997700528878352e-06	9.997700528878352e-06	9.997700528878352e-06	9.997700528878352e-06	0.9997700528878352	9.997700528878352e-06	9.997700528878352e-06	9.997700528878352e-06	9.997700528878352e-06	9.997700528878352e-06	9.997700528878352e-06	9.997700528878352e-06	9.997700528878352e-06	9.997700528878352e-06	9.997700528878352e-06
59.0	0.04166666666666667	0.04166666666666667	0.04166666666666667	0.04166666666666667	0.04166666666666667	0.04166666666666667	0.04166666666666667	0.04166666666666667	0.04166666666666667	0.04166666666666667	0.04166666666666667	0.04166666666666667	0.04166666666666667	0.04166666666666667	0.04166666666666667	0.04166666666666667	0.04166666666666667	0.04166666666666667	0.04166666666666667	0.04166666666666667	0.04166666666666667	0.04166666666666667	0.04166666666666667	0.04166666666666667
60.0	0.04166666666666667	0.04166666666666667	0.04166666666666667	0.04166666666666667	0.04166666666666667	0.04166666666666667	0.04166666666666667	0.04166666666666667	0.04166666666666667	0.04166666666666667	0.04166666666666667	0.04166666666666667	0.04166666666666667	0.04166666666666667	0.04166666666666667	0.04166666666666667	0.04166666666666667	0.04166666666666667	0.04166666666666667	0.04166666666666667	0.04166666666666667	0.04166666666666667	0.04166666666666667	0.04166666666666667
61.0	0.04166666666666667	0.04166666666666667	0.04166666666666667	0.04166666666666667	0.04166666666666667	0.04166666666666667	0.04166666666666667	0.04166666666666667	0.04166666666666667	0.04166666666666667	0.04166666666666667	0.04166666666666667	0.04166666666666667	0.04166666666666667	0.04166666666666667	0.04166666666666667	0.04166666666666667	0.04166666666666667	0.04166666666666667	0.04166666666666667	0.04166666666666667	0.04166666666666667	0.04166666666666667	0.04166666666666667
63.0	0.04166666666666667	0.04166666666666667	0.04166666666666667	0.04166666666666667	0.04166666666666667	0.04166666666666667	0.04166666666666667	0.04166666666666667	0.04166666666666667	0.04166666666666667	0.04166666666666667	0.04166666666666667	0.04166666666666667	0.04166666666666667	0.04166666666666667	0.04166666666666667	0.04166666666666667	0.04166666666666667	0.04166666666666667	0.04166666666666667	0.04166666666666667	0.04166666666666667	0.04166666666666667	0.04166666666666667
88.0	0.04166666666666667	0.04166666666666667	0.04166666666666667	0.04166666666666667	0.04166666666666667	0.04166666666666667	0.04166666666666667	0.04166666666666667	0.04166666666666667	0.04166666666666667	0.04166666666666667	0.04166666666666667	0.04166666666666667	0.04166666666666667	0.04166666666666667	0.04166666666666667	0.04166666666666667	0.04166666666666667	0.04166666666666667	0.04166666666666667	0.04166666666666667	0.04166666666666667	0.04166666666666667	0.04166666666666667
89.0	9.997800483893546e-06	9.997800483893546e-06	9.997800483893546e-06	9.997800483893546e-06	9.997800483893546e-06	9.997800483893546e-06	9.997800483893546e-06	9.997800483893546e-06	9.997800483893546e-06	9.997800483893546e-06	0.7690438267439922	9.997800483893546e-06	9.997800483893546e-06	9.997800483893546e-06	9.997800483893546e-06	9.997800483893546e-06	9.997800483893546e-06	9.997800483893546e-06	9.997800483893546e-06	0.2307362216453622	9.997800483893546e-06	9.997800483893546e-06	9.997800483893546e-06	9.997800483893546e-06
90.0	0.04166666666666667	0.04166666666666667	0.04166666666666667	0.04166666666666667	0.04166666666666667	0.04166666666666667	0.04166666666666667	0.04166666666666667	0.04166666666666667	0.04166666666666667	0.04166666666666667	0.04166666666666667	0.04166666666666667	0.04166666666666667	0.04166666666666667	0.04166666666666667	0.04166666666666667	0.04166666666666667	0.04166666666666667	0.04166666666666667	0.04166666666666667	0.04166666666666667	0.04166666666666667	0.04166666666666667
34.0	9.997700528878357e-06	9.997700528878357e-06	9.997700528878357e-06	9.997700528878357e-06	9.997700528878357e-06	9.997700528878357e-06	9.997700528878357e-06	9.997700528878357e-06	9.997700528878357e-06	9.997700528878357e-06	9.997700528878357e-06	9.997700528878357e-06	9.997700528878357e-06	9.997700528878357e-06	9.997700528878357e-06	9.997700528878357e-06	9.997700528878357e-06	9.997700528878357e-06	9.997700528878357e-06	9.997700528878357e-06	0.9997700528878356	9.997700528878357e-06	9.997700528878357e-06	9.997700528878357e-06
8.0	9.997700528878357e-06	9.997700528878357e-06	9.997700528878357e-06	9.997700528878357e-06	9.997700528878357e-06	9.997700528878357e-06	9.997700528878357e-06	9.997700528878357e-06	9.997700528878357e-06	9.997700528878357e-06	9.997700528878357e-06	9.997700528878357e-06	9.997700528878357e-06	9.997700528878357e-06	9.997700528878357e-06	9.997700528878357e-06	9.997700528878357e-06	9.997700528878357e-06	9.997700528878357e-06	9.997700528878357e-06	9.997700528878357e-06	0.9997700528878356	9.997700528878357e-06	9.997700528878357e-06
102.0	0.04166666666666667	0.04166666666666667	0.04166666666666667	0.04166666666666667	0.04166666666666667	0.04166666666666667	0.04166666666666667	0.04166666666666667	0.04166666666666667	0.04166666666666667	0.04166666666666667	0.04166666666666667	0.04166666666666667	0.04166666666666667	0.04166666666666667	0.04166666666666667	0.04166666666666667	0.04166666666666667	0.04166666666666667	0.04166666666666667	0.04166666666666667	0.04166666666666667	0.04166666666666667	0.04166666666666667
107.0	0.04166666666666667	0.04166666666666667	0.04166666666666667	0.04166666666666667	0.04166666666666667	0.04166666666666667	0.04166666666666667	0.04166666666666667	0.04166666666666667	0.04166666666666667	0.04166666666666667	0.04166666666666667	0.04166666666666667	0.04166666666666667	0.04166666666666667	0.04166666666666667	0.04166666666666667	0.04166666666666667	0.04166666666666667	0.04166666666666667	0.04166666666666667	0.04166666666666667	0.04166666666666667	0.04166666666666667
