	(6-7)-1.0	(6-7)-2.0	(6-7)-3.0	(6-7)-4.0	(6-7)-10.0	(6-7)-12.0	(6-7)-14.0	(6-7)-15.0	(6-7)-16.0	(6-7)-18.0	(6-7)-19.0	(6-7)-20.0	(6-7)-34.0	(6-7)-35.0	(6-7)-38.0	(6-7)-39.0	(6-7)-40.0	(6-7)-41.0	(6-7)-42.0	(6-7)-44.0	(6-7)-46.0	(6-7)-49.0	(6-7)-50.0
1.0	0.043478260869565216	0.043478260869565216	0.043478260869565216	0.043478260869565216	0.043478260869565216	0.043478260869565216	0.043478260869565216	0.043478260869565216	0.043478260869565216	0.043478260869565216	0.043478260869565216	0.043478260869565216	0.043478260869565216	0.043478260869565216	0.043478260869565216	0.043478260869565216	0.043478260869565216	0.043478260869565216	0.043478260869565216	0.043478260869565216	0.043478260869565216	0.043478260869565216	0.043478260869565216
2.0	0.043478260869565216	0.043478260869565216	0.043478260869565216	0.043478260869565216	0.043478260869565216	0.043478260869565216	0.043478260869565216	0.043478260869565216	0.043478260869565216	0.043478260869565216	0.043478260869565216	0.043478260869565216	0.043478260869565216	0.043478260869565216	0.043478260869565216	0.043478260869565216	0.043478260869565216	0.043478260869565216	0.043478260869565216	0.043478260869565216	0.043478260869565216	0.043478260869565216	0.043478260869565216
3.0	0.043478260869565216	0.043478260869565216	0.043478260869565216	0.043478260869565216	0.043478260869565216	0.043478260869565216	0.043478260869565216	0.043478260869565216	0.043478260869565216	0.043478260869565216	0.043478260869565216	0.043478260869565216	0.043478260869565216	0.043478260869565216	0.043478260869565216	0.043478260869565216	0.043478260869565216	0.043478260869565216	0.043478260869565216	0.043478260869565216	0.043478260869565216	0.043478260869565216	0.043478260869565216
4.0	0.043478260869565216	0.043478260869565216	0.043478260869565216	0.043478260869565216	0.043478260869565216	0.043478260869565216	0.043478260869565216	0.043478260869565216	0.043478260869565216	0.043478260869565216	0.043478260869565216	0.043478260869565216	0.043478260869565216	0.043478260869565216	0.043478260869565216	0.043478260869565216	0.043478260869565216	0.043478260869565216	0.043478260869565216	0.043478260869565216	0.043478260869565216	0.043478260869565216	0.043478260869565216
10.0	1.5315486227862997e-05	1.5315486227862997e-05	1.5315486227862997e-05	1.5315486227862997e-05	0.04249877426334852	0.9571796005258676	1.5315486227862997e-05	1.5315486227862997e-05	1.5315486227862997e-05	1.5315486227862997e-05	1.5315486227862997e-05	1.5315486227862997e-05	1.5315486227862997e-05	1.5315486227862997e-05	1.5315486227862997e-05	1.5315486227862997e-05	1.5315486227862997e-05	1.5315486227862997e-05	1.5315486227862997e-05	1.5315486227862997e-05	1.5315486227862997e-05	1.5315486227862997e-05	1.5315486227862997e-05
12.0	0.043478260869565216	0.043478260869565216	0.043478260869565216	0.043478260869565216	0.043478260869565216	0.043478260869565216	0.043478260869565216	0.043478260869565216	0.043478260869565216	0.043478260869565216	0.043478260869565216	0.043478260869565216	0.043478260869565216	0.043478260869565216	0.043478260869565216	0.043478260869565216	0.043478260869565216	0.043478260869565216	0.043478260869565216	0.043478260869565216	0.043478260869565216	0.043478260869565216	0.043478260869565216
14.0	0.043478260869565216	0.043478260869565216	0.043478260869565216	0.043478260869565216	0.043478260869565216	0.043478260869565216	0.043478260869565216	0.043478260869565216	0.043478260869565216	0.043478260869565216	0.043478260869565216	0.043478260869565216	0.043478260869565216	0.043478260869565216	0.043478260869565216	0.043478260869565216	0.043478260869565216	0.043478260869565216	0.043478260869565216	0.043478260869565216	0.043478260869565216	0.043478260869565216	0.043478260869565216
15.0	0.043478260869565216	0.043478260869565216	0.043478260869565216	0.043478260869565216	0.043478260869565216	0.043478260869565216	0.043478260869565216	0.043478260869565216	0.043478260869565216	0.043478260869565216	0.043478260869565216	0.043478260869565216	0.043478260869565216	0.043478260869565216	0.043478260869565216	0.043478260869565216	0.043478260869565216	0.043478260869565216	0.043478260869565216	0.043478260869565216	0.043478260869565216	0.043478260869565216	0.043478260869565216
16.0	0.043478260869565216	0.043478260869565216	0.043478260869565216	0.043478260869565216	0.043478260869565216	0.043478260869565216	0.043478260869565216	0.043478260869565216	0.043478260869565216	0.043478260869565216	0.043478260869565216	0.043478260869565216	0.043478260869565216	0.043478260869565216	0.043478260869565216	0.043478260869565216	0.043478260869565216	0.043478260869565216	0.043478260869565216	0.043478260869565216	0.043478260869565216	0.043478260869565216	0.043478260869565216
18.0	1.5379410045830657e-05	1.5379410045830657e-05	1.5379410045830657e-05	1.5379410045830657e-05	1.5379410045830657e-05	1.5379410045830657e-05	1.5379410045830657e-05	1.5379410045830657e-05	1.5379410045830657e-05	0.9996616529789926	1.5379410045830657e-05	1.5379410045830657e-05	1.5379410045830657e-05	1.5379410045830657e-05	1.5379410045830657e-05	1.5379410045830657e-05	1.5379410045830657e-05	1.5379410045830657e-05	1.5379410045830657e-05	1.5379410045830657e-05	1.5379410045830657e-05	1.5379410045830657e-05	1.5379410045830657e-05
19.0	0.043478260869565216	0.043478260869565216	0.043478260869565216	0.043478260869565216	0.043478260869565216	0.043478260869565216	0.043478260869565216	0.043478260869565216	0.043478260869565216	0.043478260869565216	0.043478260869565216	0.043478260869565216	0.043478260869565216	0.043478260869565216	0.043478260869565216	0.043478260869565216	0.043478260869565216	0.043478260869565216	0.043478260869565216	0.043478260869565216	0.043478260869565216	0.043478260869565216	0.043478260869565216
20.0	4.994506043352309e-05	4.994506043352309e-05	4.994506043352309e-05	4.994506043352309e-05	4.994506043352309e-05	4.994506043352309e-05	4.994506043352309e-05	4.994506043352309e-05	4.994506043352309e-05	0.9989012086704618	4.994506043352309e-05	4.994506043352309e-05	4.994506043352309e-05	4.994506043352309e-05	4.994506043352309e-05	4.994506043352309e-05	4.994506043352309e-05	4.994506043352309e-05	4.994506043352309e-05	4.994506043352309e-05	4.994506043352309e-05	4.994506043352309e-05	4.994506043352309e-05
34.0	0.043478260869565216	0.043478260869565216	0.043478260869565216	0.043478260869565216	0.043478260869565216	0.043478260869565216	0.043478260869565216	0.043478260869565216	0.043478260869565216	0.043478260869565216	0.043478260869565216	0.043478260869565216	0.043478260869565216	0.043478260869565216	0.043478260869565216	0.043478260869565216	0.043478260869565216	0.043478260869565216	0.043478260869565216	0.043478260869565216	0.043478260869565216	0.043478260869565216	0.043478260869565216
35.0	0.043478260869565216	0.043478260869565216	0.043478260869565216	0.043478260869565216	0.043478260869565216	0.043478260869565216	0.043478260869565216	0.043478260869565216	0.043478260869565216	0.043478260869565216	0.043478260869565216	0.043478260869565216	0.043478260869565216	0.043478260869565216	0.043478260869565216	0.043478260869565216	0.043478260869565216	0.043478260869565216	0.043478260869565216	0.043478260869565216	0.043478260869565216	0.043478260869565216	0.043478260869565216
38.0	0.043478260869565216	0.043478260869565216	0.043478260869565216	0.043478260869565216	0.043478260869565216	0.043478260869565216	0.043478260869565216	0.043478260869565216	0.043478260869565216	0.043478260869565216	0.043478260869565216	0.043478260869565216	0.043478260869565216	0.043478260869565216	0.043478260869565216	0.043478260869565216	0.043478260869565216	0.043478260869565216	0.043478260869565216	0.043478260869565216	0.043478260869565216	0.043478260869565216	0.043478260869565216
39.0	0.043478260869565216	0.043478260869565216	0.043478260869565216	0.043478260869565216	0.043478260869565216	0.043478260869565216	0.043478260869565216	0.043478260869565216	0.043478260869565216	0.043478260869565216	0.043478260869565216	0.043478260869565216	0.043478260869565216	0.043478260869565216	0.043478260869565216	0.043478260869565216	0.043478260869565216	0.043478260869565216	0.043478260869565216	0.043478260869565216	0.043478260869565216	0.043478260869565216	0.043478260869565216
40.0	4.999450060493345e-06	4.999450060493345e-06	4.999450060493345e-06	4.999450060493345e-06	4.999450060493345e-06	4.999450060493345e-06	4.999450060493345e-06	4.999450060493345e-06	4.999450060493345e-06	4.999450060493345e-06	4.999450060493345e-06	4.999450060493345e-06	4.999450060493345e-06	4.999450060493345e-06	4.999450060493345e-06	4.999450060493345e-06	0.9998900120986689	4.999450060493345e-06	4.999450060493345e-06	4.999450060493345e-06	4.999450060493345e-06	4.999450060493345e-06	4.999450060493345e-06
41.0	0.043478260869565216	0.043478260869565216	0.043478260869565216	0.043478260869565216	0.043478260869565216	0.043478260869565216	0.043478260869565216	0.043478260869565216	0.043478260869565216	0.043478260869565216	0.043478260869565216	0.043478260869565216	0.043478260869565216	0.043478260869565216	0.043478260869565216	0.043478260869565216	0.043478260869565216	0.043478260869565216	0.043478260869565216	0.043478260869565216	0.043478260869565216	0.043478260869565216	0.043478260869565216
42.0	4.999475055119213e-06	4.999475055119213e-06	4.999475055119213e-06	4.999475055119213e-06	4.999475055119213e-06	4.999475055119213e-06	4.999475055119213e-06	4.999475055119213e-06	4.999475055119213e-06	4.999475055119213e-06	4.999475055119213e-06	4.999475055119213e-06	4.999475055119213e-06	4.999475055119213e-06	4.999475055119213e-06	4.999475055119213e-06	4.999475055119213e-06	4.999475055119213e-06	0.49994750551192124	4.999475055119213e-06	0.49994750551192124	4.999475055119213e-06	4.999475055119213e-06
44.0	0.043478260869565216	0.043478260869565216	0.043478260869565216	0.043478260869565216	0.043478260869565216	0.043478260869565216	0.043478260869565216	0.043478260869565216	0.043478260869565216	0.043478260869565216	0.043478260869565216	0.043478260869565216	0.043478260869565216	0.043478260869565216	0.043478260869565216	0.043478260869565216	0.043478260869565216	0.043478260869565216	0.043478260869565216	0.043478260869565216	0.043478260869565216	0.043478260869565216	0.043478260869565216
46.0	4.999475055119213e-06	4.999475055119213e-06	4.999475055119213e-06	4.999475055119213e-06	4.999475055119213e-06	4.999475055119213e-06	4.999475055119213e-06	4.999475055119213e-06	4.999475055119213e-06	4.999475055119213e-06	4.999475055119213e-06	4.999475055119213e-06	4.999475055119213e-06	4.999475055119213e-06	4.999475055119213e-06	4.999475055119213e-06	4.999475055119213e-06	4.999475055119213e-06	0.49994750551192124	4.999475055119213e-06	0.49994750551192124	4.999475055119213e-06	4.999475055119213e-06
49.0	0.043478260869565216	0.043478260869565216	0.043478260869565216	0.043478260869565216	0.043478260869565216	0.043478260869565216	0.043478260869565216	0.043478260869565216	0.043478260869565216	0.043478260869565216	0.043478260869565216	0.043478260869565216	0.043478260869565216	0.043478260869565216	0.043478260869565216	0.043478260869565216	0.043478260869565216	0.043478260869565216	0.043478260869565216	0.043478260869565216	0.043478260869565216	0.043478260869565216	0.043478260869565216
50.0	0.043478260869565216	0.043478260869565216	0.043478260869565216	0.043478260869565216	0.043478260869565216	0.043478260869565216	0.043478260869565216	0.043478260869565216	0.043478260869565216	0.043478260869565216	0.043478260869565216	0.043478260869565216	0.043478260869565216	0.043478260869565216	0.043478260869565216	0.043478260869565216	0.043478260869565216	0.043478260869565216	0.043478260869565216	0.043478260869565216	0.043478260869565216	0.043478260869565216	0.043478260869565216
