	(5-6)-1.0	(5-6)-2.0	(5-6)-3.0	(5-6)-4.0	(5-6)-5.0	(5-6)-6.0	(5-6)-7.0	(5-6)-8.0	(5-6)-9.0	(5-6)-10.0	(5-6)-11.0	(5-6)-12.0	(5-6)-13.0	(5-6)-14.0	(5-6)-15.0	(5-6)-16.0	(5-6)-17.0	(5-6)-18.0	(5-6)-19.0	(5-6)-20.0	(5-6)-21.0	(5-6)-22.0
1.0	0.9999580017639275	1.999916003527855e-06	1.999916003527855e-06	1.999916003527855e-06	1.999916003527855e-06	1.999916003527855e-06	1.999916003527855e-06	1.999916003527855e-06	1.999916003527855e-06	1.999916003527855e-06	1.999916003527855e-06	1.999916003527855e-06	1.999916003527855e-06	1.999916003527855e-06	1.999916003527855e-06	1.999916003527855e-06	1.999916003527855e-06	1.999916003527855e-06	1.999916003527855e-06	1.999916003527855e-06	1.999916003527855e-06	1.999916003527855e-06
2.0	0.045454545454545456	0.045454545454545456	0.045454545454545456	0.045454545454545456	0.045454545454545456	0.045454545454545456	0.045454545454545456	0.045454545454545456	0.045454545454545456	0.045454545454545456	0.045454545454545456	0.045454545454545456	0.045454545454545456	0.045454545454545456	0.045454545454545456	0.045454545454545456	0.045454545454545456	0.045454545454545456	0.045454545454545456	0.045454545454545456	0.045454545454545456	0.045454545454545456
3.0	9.997900440907398e-06	9.997900440907398e-06	0.9997900440907398	9.997900440907398e-06	9.997900440907398e-06	9.997900440907398e-06	9.997900440907398e-06	9.997900440907398e-06	9.997900440907398e-06	9.997900440907398e-06	9.997900440907398e-06	9.997900440907398e-06	9.997900440907398e-06	9.997900440907398e-06	9.997900440907398e-06	9.997900440907398e-06	9.997900440907398e-06	9.997900440907398e-06	9.997900440907398e-06	9.997900440907398e-06	9.997900440907398e-06	9.997900440907398e-06
4.0	0.045454545454545456	0.045454545454545456	0.045454545454545456	0.045454545454545456	0.045454545454545456	0.045454545454545456	0.045454545454545456	0.045454545454545456	0.045454545454545456	0.045454545454545456	0.045454545454545456	0.045454545454545456	0.045454545454545456	0.045454545454545456	0.045454545454545456	0.045454545454545456	0.045454545454545456	0.045454545454545456	0.045454545454545456	0.045454545454545456	0.045454545454545456	0.045454545454545456
5.0	0.045454545454545456	0.045454545454545456	0.045454545454545456	0.045454545454545456	0.045454545454545456	0.045454545454545456	0.045454545454545456	0.045454545454545456	0.045454545454545456	0.045454545454545456	0.045454545454545456	0.045454545454545456	0.045454545454545456	0.045454545454545456	0.045454545454545456	0.045454545454545456	0.045454545454545456	0.045454545454545456	0.045454545454545456	0.045454545454545456	0.045454545454545456	0.045454545454545456
6.0	3.3331000163321893e-06	3.3331000163321893e-06	3.3331000163321893e-06	3.3331000163321893e-06	3.3331000163321893e-06	0.9999300048996567	3.3331000163321893e-06	3.3331000163321893e-06	3.3331000163321893e-06	3.3331000163321893e-06	3.3331000163321893e-06	3.3331000163321893e-06	3.3331000163321893e-06	3.3331000163321893e-06	3.3331000163321893e-06	3.3331000163321893e-06	3.3331000163321893e-06	3.3331000163321893e-06	3.3331000163321893e-06	3.3331000163321893e-06	3.3331000163321893e-06	3.3331000163321893e-06
7.0	9.997900440907401e-06	9.997900440907401e-06	9.997900440907401e-06	9.997900440907401e-06	9.997900440907401e-06	9.997900440907401e-06	0.99979004409074	9.997900440907401e-06	9.997900440907401e-06	9.997900440907401e-06	9.997900440907401e-06	9.997900440907401e-06	9.997900440907401e-06	9.997900440907401e-06	9.997900440907401e-06	9.997900440907401e-06	9.997900440907401e-06	9.997900440907401e-06	9.997900440907401e-06	9.997900440907401e-06	9.997900440907401e-06	9.997900440907401e-06
8.0	0.045454545454545456	0.045454545454545456	0.045454545454545456	0.045454545454545456	0.045454545454545456	0.045454545454545456	0.045454545454545456	0.045454545454545456	0.045454545454545456	0.045454545454545456	0.045454545454545456	0.045454545454545456	0.045454545454545456	0.045454545454545456	0.045454545454545456	0.045454545454545456	0.045454545454545456	0.045454545454545456	0.045454545454545456	0.045454545454545456	0.045454545454545456	0.045454545454545456
9.0	0.045454545454545456	0.045454545454545456	0.045454545454545456	0.045454545454545456	0.045454545454545456	0.045454545454545456	0.045454545454545456	0.045454545454545456	0.045454545454545456	0.045454545454545456	0.045454545454545456	0.045454545454545456	0.045454545454545456	0.045454545454545456	0.045454545454545456	0.045454545454545456	0.045454545454545456	0.045454545454545456	0.045454545454545456	0.045454545454545456	0.045454545454545456	0.045454545454545456
10.0	0.045454545454545456	0.045454545454545456	0.045454545454545456	0.045454545454545456	0.045454545454545456	0.045454545454545456	0.045454545454545456	0.045454545454545456	0.045454545454545456	0.045454545454545456	0.045454545454545456	0.045454545454545456	0.045454545454545456	0.045454545454545456	0.045454545454545456	0.045454545454545456	0.045454545454545456	0.045454545454545456	0.045454545454545456	0.045454545454545456	0.045454545454545456	0.045454545454545456
11.0	0.045454545454545456	0.045454545454545456	0.045454545454545456	0.045454545454545456	0.045454545454545456	0.045454545454545456	0.045454545454545456	0.045454545454545456	0.045454545454545456	0.045454545454545456	0.045454545454545456	0.045454545454545456	0.045454545454545456	0.045454545454545456	0.045454545454545456	0.045454545454545456	0.045454545454545456	0.045454545454545456	0.045454545454545456	0.045454545454545456	0.045454545454545456	0.045454545454545456
12.0	0.045454545454545456	0.045454545454545456	0.045454545454545456	0.045454545454545456	0.045454545454545456	0.045454545454545456	0.045454545454545456	0.045454545454545456	0.045454545454545456	0.045454545454545456	0.045454545454545456	0.045454545454545456	0.045454545454545456	0.045454545454545456	0.045454545454545456	0.045454545454545456	0.045454545454545456	0.045454545454545456	0.045454545454545456	0.045454545454545456	0.045454545454545456	0.045454545454545456
13.0	0.045454545454545456	0.045454545454545456	0.045454545454545456	0.045454545454545456	0.045454545454545456	0.045454545454545456	0.045454545454545456	0.045454545454545456	0.045454545454545456	0.045454545454545456	0.045454545454545456	0.045454545454545456	0.045454545454545456	0.045454545454545456	0.045454545454545456	0.045454545454545456	0.045454545454545456	0.045454545454545456	0.045454545454545456	0.045454545454545456	0.045454545454545456	0.045454545454545456
14.0	0.045454545454545456	0.045454545454545456	0.045454545454545456	0.045454545454545456	0.045454545454545456	0.045454545454545456	0.045454545454545456	0.045454545454545456	0.045454545454545456	0.045454545454545456	0.045454545454545456	0.045454545454545456	0.045454545454545456	0.045454545454545456	0.045454545454545456	0.045454545454545456	0.045454545454545456	0.045454545454545456	0.045454545454545456	0.045454545454545456	0.045454545454545456	0.045454545454545456
15.0	0.045454545454545456	0.045454545454545456	0.045454545454545456	0.045454545454545456	0.045454545454545456	0.045454545454545456	0.045454545454545456	0.045454545454545456	0.045454545454545456	0.045454545454545456	0.045454545454545456	0.045454545454545456	0.045454545454545456	0.045454545454545456	0.045454545454545456	0.045454545454545456	0.045454545454545456	0.045454545454545456	0.045454545454545456	0.045454545454545456	0.045454545454545456	0.045454545454545456
16.0	0.045454545454545456	0.045454545454545456	0.045454545454545456	0.045454545454545456	0.045454545454545456	0.045454545454545456	0.045454545454545456	0.045454545454545456	0.045454545454545456	0.045454545454545456	0.045454545454545456	0.045454545454545456	0.045454545454545456	0.045454545454545456	0.045454545454545456	0.045454545454545456	0.045454545454545456	0.045454545454545456	0.045454545454545456	0.045454545454545456	0.045454545454545456	0.045454545454545456
17.0	0.045454545454545456	0.045454545454545456	0.045454545454545456	0.045454545454545456	0.045454545454545456	0.045454545454545456	0.045454545454545456	0.045454545454545456	0.045454545454545456	0.045454545454545456	0.045454545454545456	0.045454545454545456	0.045454545454545456	0.045454545454545456	0.045454545454545456	0.045454545454545456	0.045454545454545456	0.045454545454545456	0.045454545454545456	0.045454545454545456	0.045454545454545456	0.045454545454545456
18.0	4.999475055119213e-06	4.999475055119213e-06	4.999475055119213e-06	4.999475055119213e-06	4.999475055119213e-06	4.999475055119213e-06	4.999475055119213e-06	4.999475055119213e-06	4.999475055119213e-06	4.999475055119213e-06	4.999475055119213e-06	4.999475055119213e-06	4.999475055119213e-06	4.999475055119213e-06	4.999475055119213e-06	4.999475055119213e-06	4.999475055119213e-06	0.9998950110238425	4.999475055119213e-06	4.999475055119213e-06	4.999475055119213e-06	4.999475055119213e-06
19.0	0.045454545454545456	0.045454545454545456	0.045454545454545456	0.045454545454545456	0.045454545454545456	0.045454545454545456	0.045454545454545456	0.045454545454545456	0.045454545454545456	0.045454545454545456	0.045454545454545456	0.045454545454545456	0.045454545454545456	0.045454545454545456	0.045454545454545456	0.045454545454545456	0.045454545454545456	0.045454545454545456	0.045454545454545456	0.045454545454545456	0.045454545454545456	0.045454545454545456
20.0	0.045454545454545456	0.045454545454545456	0.045454545454545456	0.045454545454545456	0.045454545454545456	0.045454545454545456	0.045454545454545456	0.045454545454545456	0.045454545454545456	0.045454545454545456	0.045454545454545456	0.045454545454545456	0.045454545454545456	0.045454545454545456	0.045454545454545456	0.045454545454545456	0.045454545454545456	0.045454545454545456	0.045454545454545456	0.045454545454545456	0.045454545454545456	0.045454545454545456
21.0	0.045454545454545456	0.045454545454545456	0.045454545454545456	0.045454545454545456	0.045454545454545456	0.045454545454545456	0.045454545454545456	0.045454545454545456	0.045454545454545456	0.045454545454545456	0.045454545454545456	0.045454545454545456	0.045454545454545456	0.045454545454545456	0.045454545454545456	0.045454545454545456	0.045454545454545456	0.045454545454545456	0.045454545454545456	0.045454545454545456	0.045454545454545456	0.045454545454545456
22.0	0.045454545454545456	0.045454545454545456	0.045454545454545456	0.045454545454545456	0.045454545454545456	0.045454545454545456	0.045454545454545456	0.045454545454545456	0.045454545454545456	0.045454545454545456	0.045454545454545456	0.045454545454545456	0.045454545454545456	0.045454545454545456	0.045454545454545456	0.045454545454545456	0.045454545454545456	0.045454545454545456	0.045454545454545456	0.045454545454545456	0.045454545454545456	0.045454545454545456
