	(10-11)-1.0	(10-11)-3.0	(10-11)-5.0	(10-11)-8.0	(10-11)-9.0	(10-11)-10.0	(10-11)-11.0	(10-11)-12.0	(10-11)-15.0	(10-11)-22.0	(10-11)-24.0	(10-11)-36.0	(10-11)-47.0	(10-11)-16.0	(10-11)-59.0	(10-11)-73.0	(10-11)-23.0	(10-11)-81.0	(10-11)-89.0	(10-11)-48.0	(10-11)-120.0	(10-11)-13.0
1.0	0.045454545454545456	0.045454545454545456	0.045454545454545456	0.045454545454545456	0.045454545454545456	0.045454545454545456	0.045454545454545456	0.045454545454545456	0.045454545454545456	0.045454545454545456	0.045454545454545456	0.045454545454545456	0.045454545454545456	0.045454545454545456	0.045454545454545456	0.045454545454545456	0.045454545454545456	0.045454545454545456	0.045454545454545456	0.045454545454545456	0.045454545454545456	0.045454545454545456
3.0	0.045454545454545456	0.045454545454545456	0.045454545454545456	0.045454545454545456	0.045454545454545456	0.045454545454545456	0.045454545454545456	0.045454545454545456	0.045454545454545456	0.045454545454545456	0.045454545454545456	0.045454545454545456	0.045454545454545456	0.045454545454545456	0.045454545454545456	0.045454545454545456	0.045454545454545456	0.045454545454545456	0.045454545454545456	0.045454545454545456	0.045454545454545456	0.045454545454545456
5.0	0.045454545454545456	0.045454545454545456	0.045454545454545456	0.045454545454545456	0.045454545454545456	0.045454545454545456	0.045454545454545456	0.045454545454545456	0.045454545454545456	0.045454545454545456	0.045454545454545456	0.045454545454545456	0.045454545454545456	0.045454545454545456	0.045454545454545456	0.045454545454545456	0.045454545454545456	0.045454545454545456	0.045454545454545456	0.045454545454545456	0.045454545454545456	0.045454545454545456
8.0	0.045454545454545456	0.045454545454545456	0.045454545454545456	0.045454545454545456	0.045454545454545456	0.045454545454545456	0.045454545454545456	0.045454545454545456	0.045454545454545456	0.045454545454545456	0.045454545454545456	0.045454545454545456	0.045454545454545456	0.045454545454545456	0.045454545454545456	0.045454545454545456	0.045454545454545456	0.045454545454545456	0.045454545454545456	0.045454545454545456	0.045454545454545456	0.045454545454545456
9.0	8.471997949942209e-06	8.471997949942209e-06	8.471997949942209e-06	8.471997949942209e-06	0.9949090331140055	8.471997949942209e-06	8.471997949942209e-06	8.471997949942209e-06	8.471997949942209e-06	8.471997949942209e-06	8.471997949942209e-06	0.004921526926994664	8.471997949942209e-06	8.471997949942209e-06	8.471997949942209e-06	8.471997949942209e-06	8.471997949942209e-06	8.471997949942209e-06	8.471997949942209e-06	8.471997949942209e-06	8.471997949942209e-06	8.471997949942209e-06
10.0	2.210004773992448e-06	2.210004773992448e-06	2.210004773992448e-06	2.210004773992448e-06	0.5844798935057396	0.01645159943463547	0.20720089761789312	0.013799579781351682	2.210004773992448e-06	2.210004773992448e-06	2.210004773992448e-06	0.05765699816327629	2.210004773992448e-06	2.210004773992448e-06	2.210004773992448e-06	2.210004773992448e-06	2.210004773992448e-06	2.210004773992448e-06	2.210004773992448e-06	0.12037567142072017	2.210004773992448e-06	2.210004773992448e-06
11.0	4.9950049950049936e-05	4.9950049950049936e-05	4.9950049950049936e-05	4.9950049950049936e-05	4.9950049950049936e-05	4.9950049950049936e-05	0.27243005154104133	4.9950049950049936e-05	4.9950049950049936e-05	4.9950049950049936e-05	4.9950049950049936e-05	4.9950049950049936e-05	4.9950049950049936e-05	4.9950049950049936e-05	4.9950049950049936e-05	0.7265709474599573	4.9950049950049936e-05	4.9950049950049936e-05	4.9950049950049936e-05	4.9950049950049936e-05	4.9950049950049936e-05	4.9950049950049936e-05
12.0	0.045454545454545456	0.045454545454545456	0.045454545454545456	0.045454545454545456	0.045454545454545456	0.045454545454545456	0.045454545454545456	0.045454545454545456	0.045454545454545456	0.045454545454545456	0.045454545454545456	0.045454545454545456	0.045454545454545456	0.045454545454545456	0.045454545454545456	0.045454545454545456	0.045454545454545456	0.045454545454545456	0.045454545454545456	0.045454545454545456	0.045454545454545456	0.045454545454545456
15.0	2.8657094546089626e-06	2.8657094546089626e-06	2.8657094546089626e-06	2.8657094546089626e-06	0.6340798208757307	0.020739806470967792	2.8657094546089626e-06	2.8657094546089626e-06	0.25350252341371227	2.8657094546089626e-06	2.8657094546089626e-06	2.8657094546089626e-06	2.8657094546089626e-06	2.8657094546089626e-06	0.054658281954723456	2.8657094546089626e-06	2.8657094546089626e-06	2.8657094546089626e-06	2.8657094546089626e-06	0.03697085022413735	2.8657094546089626e-06	2.8657094546089626e-06
22.0	0.045454545454545456	0.045454545454545456	0.045454545454545456	0.045454545454545456	0.045454545454545456	0.045454545454545456	0.045454545454545456	0.045454545454545456	0.045454545454545456	0.045454545454545456	0.045454545454545456	0.045454545454545456	0.045454545454545456	0.045454545454545456	0.045454545454545456	0.045454545454545456	0.045454545454545456	0.045454545454545456	0.045454545454545456	0.045454545454545456	0.045454545454545456	0.045454545454545456
24.0	0.045454545454545456	0.045454545454545456	0.045454545454545456	0.045454545454545456	0.045454545454545456	0.045454545454545456	0.045454545454545456	0.045454545454545456	0.045454545454545456	0.045454545454545456	0.045454545454545456	0.045454545454545456	0.045454545454545456	0.045454545454545456	0.045454545454545456	0.045454545454545456	0.045454545454545456	0.045454545454545456	0.045454545454545456	0.045454545454545456	0.045454545454545456	0.045454545454545456
36.0	0.045454545454545456	0.045454545454545456	0.045454545454545456	0.045454545454545456	0.045454545454545456	0.045454545454545456	0.045454545454545456	0.045454545454545456	0.045454545454545456	0.045454545454545456	0.045454545454545456	0.045454545454545456	0.045454545454545456	0.045454545454545456	0.045454545454545456	0.045454545454545456	0.045454545454545456	0.045454545454545456	0.045454545454545456	0.045454545454545456	0.045454545454545456	0.045454545454545456
47.0	9.998000399920013e-06	9.998000399920013e-06	9.998000399920013e-06	9.998000399920013e-06	9.998000399920013e-06	0.9331133773245347	9.998000399920013e-06	9.998000399920013e-06	9.998000399920013e-06	9.998000399920013e-06	9.998000399920013e-06	9.998000399920013e-06	0.06668666266746648	9.998000399920013e-06	9.998000399920013e-06	9.998000399920013e-06	9.998000399920013e-06	9.998000399920013e-06	9.998000399920013e-06	9.998000399920013e-06	9.998000399920013e-06	9.998000399920013e-06
16.0	9.998000399920018e-06	9.998000399920018e-06	9.998000399920018e-06	9.998000399920018e-06	0.6784242637168483	9.998000399920018e-06	9.998000399920018e-06	9.998000399920018e-06	9.998000399920018e-06	9.998000399920018e-06	9.998000399920018e-06	9.998000399920018e-06	9.998000399920018e-06	0.3213757762751532	9.998000399920018e-06	9.998000399920018e-06	9.998000399920018e-06	9.998000399920018e-06	9.998000399920018e-06	9.998000399920018e-06	9.998000399920018e-06	9.998000399920018e-06
59.0	6.468581062386307e-06	6.468581062386307e-06	6.468581062386307e-06	6.468581062386307e-06	6.468581062386307e-06	0.12050879806687233	0.14111984864764235	6.468581062386307e-06	6.468581062386307e-06	6.468581062386307e-06	6.468581062386307e-06	6.468581062386307e-06	6.468581062386307e-06	6.468581062386307e-06	0.36188828248310007	0.3763666363432621	6.468581062386307e-06	6.468581062386307e-06	6.468581062386307e-06	6.468581062386307e-06	6.468581062386307e-06	6.468581062386307e-06
73.0	0.045454545454545456	0.045454545454545456	0.045454545454545456	0.045454545454545456	0.045454545454545456	0.045454545454545456	0.045454545454545456	0.045454545454545456	0.045454545454545456	0.045454545454545456	0.045454545454545456	0.045454545454545456	0.045454545454545456	0.045454545454545456	0.045454545454545456	0.045454545454545456	0.045454545454545456	0.045454545454545456	0.045454545454545456	0.045454545454545456	0.045454545454545456	0.045454545454545456
23.0	0.045454545454545456	0.045454545454545456	0.045454545454545456	0.045454545454545456	0.045454545454545456	0.045454545454545456	0.045454545454545456	0.045454545454545456	0.045454545454545456	0.045454545454545456	0.045454545454545456	0.045454545454545456	0.045454545454545456	0.045454545454545456	0.045454545454545456	0.045454545454545456	0.045454545454545456	0.045454545454545456	0.045454545454545456	0.045454545454545456	0.045454545454545456	0.045454545454545456
81.0	0.045454545454545456	0.045454545454545456	0.045454545454545456	0.045454545454545456	0.045454545454545456	0.045454545454545456	0.045454545454545456	0.045454545454545456	0.045454545454545456	0.045454545454545456	0.045454545454545456	0.045454545454545456	0.045454545454545456	0.045454545454545456	0.045454545454545456	0.045454545454545456	0.045454545454545456	0.045454545454545456	0.045454545454545456	0.045454545454545456	0.045454545454545456	0.045454545454545456
89.0	0.045454545454545456	0.045454545454545456	0.045454545454545456	0.045454545454545456	0.045454545454545456	0.045454545454545456	0.045454545454545456	0.045454545454545456	0.045454545454545456	0.045454545454545456	0.045454545454545456	0.045454545454545456	0.045454545454545456	0.045454545454545456	0.045454545454545456	0.045454545454545456	0.045454545454545456	0.045454545454545456	0.045454545454545456	0.045454545454545456	0.045454545454545456	0.045454545454545456
48.0	0.00016610633436629026	0.00016610633436629026	0.00016610633436629026	0.00016610633436629026	0.2823588415094806	0.00016610633436629026	0.00016610633436629026	0.00016610633436629026	0.00016610633436629026	0.00016610633436629026	0.00016610633436629026	0.00016610633436629026	0.00016610633436629026	0.00016610633436629026	0.00016610633436629026	0.00016610633436629026	0.00016610633436629026	0.00016610633436629026	0.00016610633436629026	0.7143190318031936	0.00016610633436629026	0.00016610633436629026
120.0	0.045454545454545456	0.045454545454545456	0.045454545454545456	0.045454545454545456	0.045454545454545456	0.045454545454545456	0.045454545454545456	0.045454545454545456	0.045454545454545456	0.045454545454545456	0.045454545454545456	0.045454545454545456	0.045454545454545456	0.045454545454545456	0.045454545454545456	0.045454545454545456	0.045454545454545456	0.045454545454545456	0.045454545454545456	0.045454545454545456	0.045454545454545456	0.045454545454545456
13.0	0.045454545454545456	0.045454545454545456	0.045454545454545456	0.045454545454545456	0.045454545454545456	0.045454545454545456	0.045454545454545456	0.045454545454545456	0.045454545454545456	0.045454545454545456	0.045454545454545456	0.045454545454545456	0.045454545454545456	0.045454545454545456	0.045454545454545456	0.045454545454545456	0.045454545454545456	0.045454545454545456	0.045454545454545456	0.045454545454545456	0.045454545454545456	0.045454545454545456
