	(17-18)-1.0	(17-18)-2.0	(17-18)-3.0	(17-18)-4.0	(17-18)-5.0	(17-18)-6.0	(17-18)-7.0	(17-18)-8.0	(17-18)-9.0	(17-18)-10.0	(17-18)-11.0	(17-18)-12.0	(17-18)-13.0	(17-18)-14.0	(17-18)-15.0	(17-18)-16.0	(17-18)-17.0
1.0	0.9998400255959036	9.998400255959037e-06	9.998400255959037e-06	9.998400255959037e-06	9.998400255959037e-06	9.998400255959037e-06	9.998400255959037e-06	9.998400255959037e-06	9.998400255959037e-06	9.998400255959037e-06	9.998400255959037e-06	9.998400255959037e-06	9.998400255959037e-06	9.998400255959037e-06	9.998400255959037e-06	9.998400255959037e-06	9.998400255959037e-06
2.0	0.058823529411764705	0.058823529411764705	0.058823529411764705	0.058823529411764705	0.058823529411764705	0.058823529411764705	0.058823529411764705	0.058823529411764705	0.058823529411764705	0.058823529411764705	0.058823529411764705	0.058823529411764705	0.058823529411764705	0.058823529411764705	0.058823529411764705	0.058823529411764705	0.058823529411764705
3.0	9.998500224966255e-06	9.998500224966255e-06	0.9309590526039343	9.998500224966255e-06	9.998500224966255e-06	9.998500224966255e-06	9.998500224966255e-06	9.998500224966255e-06	9.998500224966255e-06	9.998500224966255e-06	0.06889096989269115	9.998500224966255e-06	9.998500224966255e-06	9.998500224966255e-06	9.998500224966255e-06	9.998500224966255e-06	9.998500224966255e-06
4.0	0.058823529411764705	0.058823529411764705	0.058823529411764705	0.058823529411764705	0.058823529411764705	0.058823529411764705	0.058823529411764705	0.058823529411764705	0.058823529411764705	0.058823529411764705	0.058823529411764705	0.058823529411764705	0.058823529411764705	0.058823529411764705	0.058823529411764705	0.058823529411764705	0.058823529411764705
5.0	9.998500224966251e-06	9.998500224966251e-06	9.998500224966251e-06	9.998500224966251e-06	0.11105000916529181	0.8888000133313331	9.998500224966251e-06	9.998500224966251e-06	9.998500224966251e-06	9.998500224966251e-06	9.998500224966251e-06	9.998500224966251e-06	9.998500224966251e-06	9.998500224966251e-06	9.998500224966251e-06	9.998500224966251e-06	9.998500224966251e-06
6.0	0.058823529411764705	0.058823529411764705	0.058823529411764705	0.058823529411764705	0.058823529411764705	0.058823529411764705	0.058823529411764705	0.058823529411764705	0.058823529411764705	0.058823529411764705	0.058823529411764705	0.058823529411764705	0.058823529411764705	0.058823529411764705	0.058823529411764705	0.058823529411764705	0.058823529411764705
7.0	9.998400255959039e-06	9.998400255959039e-06	0.9998400255959038	9.998400255959039e-06	9.998400255959039e-06	9.998400255959039e-06	9.998400255959039e-06	9.998400255959039e-06	9.998400255959039e-06	9.998400255959039e-06	9.998400255959039e-06	9.998400255959039e-06	9.998400255959039e-06	9.998400255959039e-06	9.998400255959039e-06	9.998400255959039e-06	9.998400255959039e-06
8.0	0.058823529411764705	0.058823529411764705	0.058823529411764705	0.058823529411764705	0.058823529411764705	0.058823529411764705	0.058823529411764705	0.058823529411764705	0.058823529411764705	0.058823529411764705	0.058823529411764705	0.058823529411764705	0.058823529411764705	0.058823529411764705	0.058823529411764705	0.058823529411764705	0.058823529411764705
9.0	9.99840025595904e-06	9.99840025595904e-06	9.99840025595904e-06	9.99840025595904e-06	9.99840025595904e-06	9.99840025595904e-06	9.99840025595904e-06	9.99840025595904e-06	0.999840025595904	9.99840025595904e-06	9.99840025595904e-06	9.99840025595904e-06	9.99840025595904e-06	9.99840025595904e-06	9.99840025595904e-06	9.99840025595904e-06	9.99840025595904e-06
10.0	0.058823529411764705	0.058823529411764705	0.058823529411764705	0.058823529411764705	0.058823529411764705	0.058823529411764705	0.058823529411764705	0.058823529411764705	0.058823529411764705	0.058823529411764705	0.058823529411764705	0.058823529411764705	0.058823529411764705	0.058823529411764705	0.058823529411764705	0.058823529411764705	0.058823529411764705
11.0	0.058823529411764705	0.058823529411764705	0.058823529411764705	0.058823529411764705	0.058823529411764705	0.058823529411764705	0.058823529411764705	0.058823529411764705	0.058823529411764705	0.058823529411764705	0.058823529411764705	0.058823529411764705	0.058823529411764705	0.058823529411764705	0.058823529411764705	0.058823529411764705	0.058823529411764705
12.0	0.058823529411764705	0.058823529411764705	0.058823529411764705	0.058823529411764705	0.058823529411764705	0.058823529411764705	0.058823529411764705	0.058823529411764705	0.058823529411764705	0.058823529411764705	0.058823529411764705	0.058823529411764705	0.058823529411764705	0.058823529411764705	0.058823529411764705	0.058823529411764705	0.058823529411764705
13.0	0.058823529411764705	0.058823529411764705	0.058823529411764705	0.058823529411764705	0.058823529411764705	0.058823529411764705	0.058823529411764705	0.058823529411764705	0.058823529411764705	0.058823529411764705	0.058823529411764705	0.058823529411764705	0.058823529411764705	0.058823529411764705	0.058823529411764705	0.058823529411764705	0.058823529411764705
14.0	0.058823529411764705	0.058823529411764705	0.058823529411764705	0.058823529411764705	0.058823529411764705	0.058823529411764705	0.058823529411764705	0.058823529411764705	0.058823529411764705	0.058823529411764705	0.058823529411764705	0.058823529411764705	0.058823529411764705	0.058823529411764705	0.058823529411764705	0.058823529411764705	0.058823529411764705
15.0	9.998400255959044e-06	9.998400255959044e-06	9.998400255959044e-06	9.998400255959044e-06	9.998400255959044e-06	9.998400255959044e-06	9.998400255959044e-06	9.998400255959044e-06	9.998400255959044e-06	9.998400255959044e-06	0.9998400255959042	9.998400255959044e-06	9.998400255959044e-06	9.998400255959044e-06	9.998400255959044e-06	9.998400255959044e-06	9.998400255959044e-06
16.0	0.058823529411764705	0.058823529411764705	0.058823529411764705	0.058823529411764705	0.058823529411764705	0.058823529411764705	0.058823529411764705	0.058823529411764705	0.058823529411764705	0.058823529411764705	0.058823529411764705	0.058823529411764705	0.058823529411764705	0.058823529411764705	0.058823529411764705	0.058823529411764705	0.058823529411764705
17.0	0.058823529411764705	0.058823529411764705	0.058823529411764705	0.058823529411764705	0.058823529411764705	0.058823529411764705	0.058823529411764705	0.058823529411764705	0.058823529411764705	0.058823529411764705	0.058823529411764705	0.058823529411764705	0.058823529411764705	0.058823529411764705	0.058823529411764705	0.058823529411764705	0.058823529411764705
