	(10-11)-1.0	(10-11)-2.0	(10-11)-3.0	(10-11)-4.0	(10-11)-5.0	(10-11)-6.0	(10-11)-7.0	(10-11)-8.0	(10-11)-9.0	(10-11)-10.0	(10-11)-11.0	(10-11)-12.0	(10-11)-13.0	(10-11)-14.0	(10-11)-15.0	(10-11)-16.0	(10-11)-17.0	(10-11)-18.0	(10-11)-19.0	(10-11)-20.0	(10-11)-21.0	(10-11)-22.0	(10-11)-23.0	(10-11)-24.0	(10-11)-25.0	(10-11)-26.0
1.0	0.03846153846153846	0.03846153846153846	0.03846153846153846	0.03846153846153846	0.03846153846153846	0.03846153846153846	0.03846153846153846	0.03846153846153846	0.03846153846153846	0.03846153846153846	0.03846153846153846	0.03846153846153846	0.03846153846153846	0.03846153846153846	0.03846153846153846	0.03846153846153846	0.03846153846153846	0.03846153846153846	0.03846153846153846	0.03846153846153846	0.03846153846153846	0.03846153846153846	0.03846153846153846	0.03846153846153846	0.03846153846153846	0.03846153846153846
2.0	0.03846153846153846	0.03846153846153846	0.03846153846153846	0.03846153846153846	0.03846153846153846	0.03846153846153846	0.03846153846153846	0.03846153846153846	0.03846153846153846	0.03846153846153846	0.03846153846153846	0.03846153846153846	0.03846153846153846	0.03846153846153846	0.03846153846153846	0.03846153846153846	0.03846153846153846	0.03846153846153846	0.03846153846153846	0.03846153846153846	0.03846153846153846	0.03846153846153846	0.03846153846153846	0.03846153846153846	0.03846153846153846	0.03846153846153846
3.0	3.5084764791736823e-06	3.5084764791736823e-06	0.7610475199252272	3.5084764791736823e-06	0.23886827663927207	3.5084764791736823e-06	3.5084764791736823e-06	3.5084764791736823e-06	3.5084764791736823e-06	3.5084764791736823e-06	3.5084764791736823e-06	3.5084764791736823e-06	3.5084764791736823e-06	3.5084764791736823e-06	3.5084764791736823e-06	3.5084764791736823e-06	3.5084764791736823e-06	3.5084764791736823e-06	3.5084764791736823e-06	3.5084764791736823e-06	3.5084764791736823e-06	3.5084764791736823e-06	3.5084764791736823e-06	3.5084764791736823e-06	3.5084764791736823e-06	3.5084764791736823e-06
4.0	0.03846153846153846	0.03846153846153846	0.03846153846153846	0.03846153846153846	0.03846153846153846	0.03846153846153846	0.03846153846153846	0.03846153846153846	0.03846153846153846	0.03846153846153846	0.03846153846153846	0.03846153846153846	0.03846153846153846	0.03846153846153846	0.03846153846153846	0.03846153846153846	0.03846153846153846	0.03846153846153846	0.03846153846153846	0.03846153846153846	0.03846153846153846	0.03846153846153846	0.03846153846153846	0.03846153846153846	0.03846153846153846	0.03846153846153846
5.0	8.033117045011e-06	8.033117045011e-06	0.03815750677164758	8.033117045011e-06	0.8010918266150278	8.033117045011e-06	8.033117045011e-06	8.033117045011e-06	8.033117045011e-06	8.033117045011e-06	8.033117045011e-06	8.033117045011e-06	8.033117045011e-06	0.16056590492128828	8.033117045011e-06	8.033117045011e-06	8.033117045011e-06	8.033117045011e-06	8.033117045011e-06	8.033117045011e-06	8.033117045011e-06	8.033117045011e-06	8.033117045011e-06	8.033117045011e-06	8.033117045011e-06	8.033117045011e-06
6.0	0.03846153846153846	0.03846153846153846	0.03846153846153846	0.03846153846153846	0.03846153846153846	0.03846153846153846	0.03846153846153846	0.03846153846153846	0.03846153846153846	0.03846153846153846	0.03846153846153846	0.03846153846153846	0.03846153846153846	0.03846153846153846	0.03846153846153846	0.03846153846153846	0.03846153846153846	0.03846153846153846	0.03846153846153846	0.03846153846153846	0.03846153846153846	0.03846153846153846	0.03846153846153846	0.03846153846153846	0.03846153846153846	0.03846153846153846
7.0	0.03846153846153846	0.03846153846153846	0.03846153846153846	0.03846153846153846	0.03846153846153846	0.03846153846153846	0.03846153846153846	0.03846153846153846	0.03846153846153846	0.03846153846153846	0.03846153846153846	0.03846153846153846	0.03846153846153846	0.03846153846153846	0.03846153846153846	0.03846153846153846	0.03846153846153846	0.03846153846153846	0.03846153846153846	0.03846153846153846	0.03846153846153846	0.03846153846153846	0.03846153846153846	0.03846153846153846	0.03846153846153846	0.03846153846153846
8.0	0.03846153846153846	0.03846153846153846	0.03846153846153846	0.03846153846153846	0.03846153846153846	0.03846153846153846	0.03846153846153846	0.03846153846153846	0.03846153846153846	0.03846153846153846	0.03846153846153846	0.03846153846153846	0.03846153846153846	0.03846153846153846	0.03846153846153846	0.03846153846153846	0.03846153846153846	0.03846153846153846	0.03846153846153846	0.03846153846153846	0.03846153846153846	0.03846153846153846	0.03846153846153846	0.03846153846153846	0.03846153846153846	0.03846153846153846
9.0	0.03846153846153846	0.03846153846153846	0.03846153846153846	0.03846153846153846	0.03846153846153846	0.03846153846153846	0.03846153846153846	0.03846153846153846	0.03846153846153846	0.03846153846153846	0.03846153846153846	0.03846153846153846	0.03846153846153846	0.03846153846153846	0.03846153846153846	0.03846153846153846	0.03846153846153846	0.03846153846153846	0.03846153846153846	0.03846153846153846	0.03846153846153846	0.03846153846153846	0.03846153846153846	0.03846153846153846	0.03846153846153846	0.03846153846153846
10.0	0.03846153846153846	0.03846153846153846	0.03846153846153846	0.03846153846153846	0.03846153846153846	0.03846153846153846	0.03846153846153846	0.03846153846153846	0.03846153846153846	0.03846153846153846	0.03846153846153846	0.03846153846153846	0.03846153846153846	0.03846153846153846	0.03846153846153846	0.03846153846153846	0.03846153846153846	0.03846153846153846	0.03846153846153846	0.03846153846153846	0.03846153846153846	0.03846153846153846	0.03846153846153846	0.03846153846153846	0.03846153846153846	0.03846153846153846
11.0	0.03846153846153846	0.03846153846153846	0.03846153846153846	0.03846153846153846	0.03846153846153846	0.03846153846153846	0.03846153846153846	0.03846153846153846	0.03846153846153846	0.03846153846153846	0.03846153846153846	0.03846153846153846	0.03846153846153846	0.03846153846153846	0.03846153846153846	0.03846153846153846	0.03846153846153846	0.03846153846153846	0.03846153846153846	0.03846153846153846	0.03846153846153846	0.03846153846153846	0.03846153846153846	0.03846153846153846	0.03846153846153846	0.03846153846153846
12.0	9.99750062484378e-06	9.99750062484378e-06	9.99750062484378e-06	9.99750062484378e-06	9.99750062484378e-06	9.99750062484378e-06	9.99750062484378e-06	9.99750062484378e-06	9.99750062484378e-06	9.99750062484378e-06	9.99750062484378e-06	0.9997500624843779	9.99750062484378e-06	9.99750062484378e-06	9.99750062484378e-06	9.99750062484378e-06	9.99750062484378e-06	9.99750062484378e-06	9.99750062484378e-06	9.99750062484378e-06	9.99750062484378e-06	9.99750062484378e-06	9.99750062484378e-06	9.99750062484378e-06	9.99750062484378e-06	9.99750062484378e-06
13.0	0.03846153846153846	0.03846153846153846	0.03846153846153846	0.03846153846153846	0.03846153846153846	0.03846153846153846	0.03846153846153846	0.03846153846153846	0.03846153846153846	0.03846153846153846	0.03846153846153846	0.03846153846153846	0.03846153846153846	0.03846153846153846	0.03846153846153846	0.03846153846153846	0.03846153846153846	0.03846153846153846	0.03846153846153846	0.03846153846153846	0.03846153846153846	0.03846153846153846	0.03846153846153846	0.03846153846153846	0.03846153846153846	0.03846153846153846
14.0	3.6587406587573793e-06	3.6587406587573793e-06	3.6587406587573793e-06	3.6587406587573793e-06	0.3358777030406208	3.6587406587573793e-06	3.6587406587573793e-06	3.6587406587573793e-06	3.6587406587573793e-06	3.6587406587573793e-06	3.6587406587573793e-06	3.6587406587573793e-06	3.6587406587573793e-06	0.6640344871835688	3.6587406587573793e-06	3.6587406587573793e-06	3.6587406587573793e-06	3.6587406587573793e-06	3.6587406587573793e-06	3.6587406587573793e-06	3.6587406587573793e-06	3.6587406587573793e-06	3.6587406587573793e-06	3.6587406587573793e-06	3.6587406587573793e-06	3.6587406587573793e-06
15.0	0.03846153846153846	0.03846153846153846	0.03846153846153846	0.03846153846153846	0.03846153846153846	0.03846153846153846	0.03846153846153846	0.03846153846153846	0.03846153846153846	0.03846153846153846	0.03846153846153846	0.03846153846153846	0.03846153846153846	0.03846153846153846	0.03846153846153846	0.03846153846153846	0.03846153846153846	0.03846153846153846	0.03846153846153846	0.03846153846153846	0.03846153846153846	0.03846153846153846	0.03846153846153846	0.03846153846153846	0.03846153846153846	0.03846153846153846
16.0	5.790980481107009e-05	5.790980481107009e-05	5.790980481107009e-05	5.790980481107009e-05	0.980743451860201	5.790980481107009e-05	5.790980481107009e-05	5.790980481107009e-05	5.790980481107009e-05	5.790980481107009e-05	5.790980481107009e-05	5.790980481107009e-05	5.790980481107009e-05	0.01786671282433223	5.790980481107009e-05	5.790980481107009e-05	5.790980481107009e-05	5.790980481107009e-05	5.790980481107009e-05	5.790980481107009e-05	5.790980481107009e-05	5.790980481107009e-05	5.790980481107009e-05	5.790980481107009e-05	5.790980481107009e-05	5.790980481107009e-05
17.0	0.03846153846153846	0.03846153846153846	0.03846153846153846	0.03846153846153846	0.03846153846153846	0.03846153846153846	0.03846153846153846	0.03846153846153846	0.03846153846153846	0.03846153846153846	0.03846153846153846	0.03846153846153846	0.03846153846153846	0.03846153846153846	0.03846153846153846	0.03846153846153846	0.03846153846153846	0.03846153846153846	0.03846153846153846	0.03846153846153846	0.03846153846153846	0.03846153846153846	0.03846153846153846	0.03846153846153846	0.03846153846153846	0.03846153846153846
18.0	0.03846153846153846	0.03846153846153846	0.03846153846153846	0.03846153846153846	0.03846153846153846	0.03846153846153846	0.03846153846153846	0.03846153846153846	0.03846153846153846	0.03846153846153846	0.03846153846153846	0.03846153846153846	0.03846153846153846	0.03846153846153846	0.03846153846153846	0.03846153846153846	0.03846153846153846	0.03846153846153846	0.03846153846153846	0.03846153846153846	0.03846153846153846	0.03846153846153846	0.03846153846153846	0.03846153846153846	0.03846153846153846	0.03846153846153846
19.0	0.03846153846153846	0.03846153846153846	0.03846153846153846	0.03846153846153846	0.03846153846153846	0.03846153846153846	0.03846153846153846	0.03846153846153846	0.03846153846153846	0.03846153846153846	0.03846153846153846	0.03846153846153846	0.03846153846153846	0.03846153846153846	0.03846153846153846	0.03846153846153846	0.03846153846153846	0.03846153846153846	0.03846153846153846	0.03846153846153846	0.03846153846153846	0.03846153846153846	0.03846153846153846	0.03846153846153846	0.03846153846153846	0.03846153846153846
20.0	0.03846153846153846	0.03846153846153846	0.03846153846153846	0.03846153846153846	0.03846153846153846	0.03846153846153846	0.03846153846153846	0.03846153846153846	0.03846153846153846	0.03846153846153846	0.03846153846153846	0.03846153846153846	0.03846153846153846	0.03846153846153846	0.03846153846153846	0.03846153846153846	0.03846153846153846	0.03846153846153846	0.03846153846153846	0.03846153846153846	0.03846153846153846	0.03846153846153846	0.03846153846153846	0.03846153846153846	0.03846153846153846	0.03846153846153846
21.0	5.591453115869297e-05	5.591453115869297e-05	5.591453115869297e-05	5.591453115869297e-05	5.591453115869297e-05	5.591453115869297e-05	5.591453115869297e-05	5.591453115869297e-05	5.591453115869297e-05	5.591453115869297e-05	5.591453115869297e-05	5.591453115869297e-05	5.591453115869297e-05	5.591453115869297e-05	5.591453115869297e-05	5.591453115869297e-05	5.591453115869297e-05	5.591453115869297e-05	5.591453115869297e-05	5.591453115869297e-05	5.591453115869297e-05	0.9986021367210325	5.591453115869297e-05	5.591453115869297e-05	5.591453115869297e-05	5.591453115869297e-05
22.0	1.217054910964558e-05	1.217054910964558e-05	1.217054910964558e-05	1.217054910964558e-05	1.217054910964558e-05	1.217054910964558e-05	1.217054910964558e-05	1.217054910964558e-05	1.217054910964558e-05	1.217054910964558e-05	1.217054910964558e-05	1.217054910964558e-05	1.217054910964558e-05	1.217054910964558e-05	1.217054910964558e-05	1.217054910964558e-05	1.217054910964558e-05	1.217054910964558e-05	1.217054910964558e-05	1.217054910964558e-05	1.217054910964558e-05	0.999695736272259	1.217054910964558e-05	1.217054910964558e-05	1.217054910964558e-05	1.217054910964558e-05
23.0	0.03846153846153846	0.03846153846153846	0.03846153846153846	0.03846153846153846	0.03846153846153846	0.03846153846153846	0.03846153846153846	0.03846153846153846	0.03846153846153846	0.03846153846153846	0.03846153846153846	0.03846153846153846	0.03846153846153846	0.03846153846153846	0.03846153846153846	0.03846153846153846	0.03846153846153846	0.03846153846153846	0.03846153846153846	0.03846153846153846	0.03846153846153846	0.03846153846153846	0.03846153846153846	0.03846153846153846	0.03846153846153846	0.03846153846153846
24.0	0.03846153846153846	0.03846153846153846	0.03846153846153846	0.03846153846153846	0.03846153846153846	0.03846153846153846	0.03846153846153846	0.03846153846153846	0.03846153846153846	0.03846153846153846	0.03846153846153846	0.03846153846153846	0.03846153846153846	0.03846153846153846	0.03846153846153846	0.03846153846153846	0.03846153846153846	0.03846153846153846	0.03846153846153846	0.03846153846153846	0.03846153846153846	0.03846153846153846	0.03846153846153846	0.03846153846153846	0.03846153846153846	0.03846153846153846
25.0	0.03846153846153846	0.03846153846153846	0.03846153846153846	0.03846153846153846	0.03846153846153846	0.03846153846153846	0.03846153846153846	0.03846153846153846	0.03846153846153846	0.03846153846153846	0.03846153846153846	0.03846153846153846	0.03846153846153846	0.03846153846153846	0.03846153846153846	0.03846153846153846	0.03846153846153846	0.03846153846153846	0.03846153846153846	0.03846153846153846	0.03846153846153846	0.03846153846153846	0.03846153846153846	0.03846153846153846	0.03846153846153846	0.03846153846153846
26.0	0.03846153846153846	0.03846153846153846	0.03846153846153846	0.03846153846153846	0.03846153846153846	0.03846153846153846	0.03846153846153846	0.03846153846153846	0.03846153846153846	0.03846153846153846	0.03846153846153846	0.03846153846153846	0.03846153846153846	0.03846153846153846	0.03846153846153846	0.03846153846153846	0.03846153846153846	0.03846153846153846	0.03846153846153846	0.03846153846153846	0.03846153846153846	0.03846153846153846	0.03846153846153846	0.03846153846153846	0.03846153846153846	0.03846153846153846
