	(11-12)-1.0	(11-12)-2.0	(11-12)-3.0	(11-12)-4.0	(11-12)-5.0	(11-12)-6.0	(11-12)-7.0	(11-12)-8.0	(11-12)-9.0	(11-12)-10.0	(11-12)-11.0	(11-12)-12.0	(11-12)-13.0	(11-12)-14.0	(11-12)-15.0	(11-12)-16.0	(11-12)-17.0	(11-12)-18.0	(11-12)-19.0	(11-12)-20.0	(11-12)-21.0	(11-12)-22.0	(11-12)-23.0	(11-12)-24.0	(11-12)-25.0	(11-12)-26.0
1.0	0.03846153846153846	0.03846153846153846	0.03846153846153846	0.03846153846153846	0.03846153846153846	0.03846153846153846	0.03846153846153846	0.03846153846153846	0.03846153846153846	0.03846153846153846	0.03846153846153846	0.03846153846153846	0.03846153846153846	0.03846153846153846	0.03846153846153846	0.03846153846153846	0.03846153846153846	0.03846153846153846	0.03846153846153846	0.03846153846153846	0.03846153846153846	0.03846153846153846	0.03846153846153846	0.03846153846153846	0.03846153846153846	0.03846153846153846
2.0	0.03846153846153846	0.03846153846153846	0.03846153846153846	0.03846153846153846	0.03846153846153846	0.03846153846153846	0.03846153846153846	0.03846153846153846	0.03846153846153846	0.03846153846153846	0.03846153846153846	0.03846153846153846	0.03846153846153846	0.03846153846153846	0.03846153846153846	0.03846153846153846	0.03846153846153846	0.03846153846153846	0.03846153846153846	0.03846153846153846	0.03846153846153846	0.03846153846153846	0.03846153846153846	0.03846153846153846	0.03846153846153846	0.03846153846153846
3.0	4.510806765647074e-06	4.510806765647074e-06	0.45108067656470735	4.510806765647074e-06	0.5069498473194602	4.510806765647074e-06	4.510806765647074e-06	4.510806765647074e-06	4.510806765647074e-06	4.510806765647074e-06	4.510806765647074e-06	4.510806765647074e-06	4.510806765647074e-06	4.510806765647074e-06	0.041865727560221964	4.510806765647074e-06	4.510806765647074e-06	4.510806765647074e-06	4.510806765647074e-06	4.510806765647074e-06	4.510806765647074e-06	4.510806765647074e-06	4.510806765647074e-06	4.510806765647074e-06	4.510806765647074e-06	4.510806765647074e-06
4.0	0.03846153846153846	0.03846153846153846	0.03846153846153846	0.03846153846153846	0.03846153846153846	0.03846153846153846	0.03846153846153846	0.03846153846153846	0.03846153846153846	0.03846153846153846	0.03846153846153846	0.03846153846153846	0.03846153846153846	0.03846153846153846	0.03846153846153846	0.03846153846153846	0.03846153846153846	0.03846153846153846	0.03846153846153846	0.03846153846153846	0.03846153846153846	0.03846153846153846	0.03846153846153846	0.03846153846153846	0.03846153846153846	0.03846153846153846
5.0	3.6157602617235626e-06	3.6157602617235626e-06	3.6157602617235626e-06	3.6157602617235626e-06	0.823423455523892	3.6157602617235626e-06	3.6157602617235626e-06	3.6157602617235626e-06	3.6157602617235626e-06	3.6157602617235626e-06	3.6157602617235626e-06	3.6157602617235626e-06	3.6157602617235626e-06	0.10407797792126973	0.07241540406881836	3.6157602617235626e-06	3.6157602617235626e-06	3.6157602617235626e-06	3.6157602617235626e-06	3.6157602617235626e-06	3.6157602617235626e-06	3.6157602617235626e-06	3.6157602617235626e-06	3.6157602617235626e-06	3.6157602617235626e-06	3.6157602617235626e-06
6.0	0.03846153846153846	0.03846153846153846	0.03846153846153846	0.03846153846153846	0.03846153846153846	0.03846153846153846	0.03846153846153846	0.03846153846153846	0.03846153846153846	0.03846153846153846	0.03846153846153846	0.03846153846153846	0.03846153846153846	0.03846153846153846	0.03846153846153846	0.03846153846153846	0.03846153846153846	0.03846153846153846	0.03846153846153846	0.03846153846153846	0.03846153846153846	0.03846153846153846	0.03846153846153846	0.03846153846153846	0.03846153846153846	0.03846153846153846
7.0	0.03846153846153846	0.03846153846153846	0.03846153846153846	0.03846153846153846	0.03846153846153846	0.03846153846153846	0.03846153846153846	0.03846153846153846	0.03846153846153846	0.03846153846153846	0.03846153846153846	0.03846153846153846	0.03846153846153846	0.03846153846153846	0.03846153846153846	0.03846153846153846	0.03846153846153846	0.03846153846153846	0.03846153846153846	0.03846153846153846	0.03846153846153846	0.03846153846153846	0.03846153846153846	0.03846153846153846	0.03846153846153846	0.03846153846153846
8.0	0.03846153846153846	0.03846153846153846	0.03846153846153846	0.03846153846153846	0.03846153846153846	0.03846153846153846	0.03846153846153846	0.03846153846153846	0.03846153846153846	0.03846153846153846	0.03846153846153846	0.03846153846153846	0.03846153846153846	0.03846153846153846	0.03846153846153846	0.03846153846153846	0.03846153846153846	0.03846153846153846	0.03846153846153846	0.03846153846153846	0.03846153846153846	0.03846153846153846	0.03846153846153846	0.03846153846153846	0.03846153846153846	0.03846153846153846
9.0	0.03846153846153846	0.03846153846153846	0.03846153846153846	0.03846153846153846	0.03846153846153846	0.03846153846153846	0.03846153846153846	0.03846153846153846	0.03846153846153846	0.03846153846153846	0.03846153846153846	0.03846153846153846	0.03846153846153846	0.03846153846153846	0.03846153846153846	0.03846153846153846	0.03846153846153846	0.03846153846153846	0.03846153846153846	0.03846153846153846	0.03846153846153846	0.03846153846153846	0.03846153846153846	0.03846153846153846	0.03846153846153846	0.03846153846153846
10.0	0.03846153846153846	0.03846153846153846	0.03846153846153846	0.03846153846153846	0.03846153846153846	0.03846153846153846	0.03846153846153846	0.03846153846153846	0.03846153846153846	0.03846153846153846	0.03846153846153846	0.03846153846153846	0.03846153846153846	0.03846153846153846	0.03846153846153846	0.03846153846153846	0.03846153846153846	0.03846153846153846	0.03846153846153846	0.03846153846153846	0.03846153846153846	0.03846153846153846	0.03846153846153846	0.03846153846153846	0.03846153846153846	0.03846153846153846
11.0	0.03846153846153846	0.03846153846153846	0.03846153846153846	0.03846153846153846	0.03846153846153846	0.03846153846153846	0.03846153846153846	0.03846153846153846	0.03846153846153846	0.03846153846153846	0.03846153846153846	0.03846153846153846	0.03846153846153846	0.03846153846153846	0.03846153846153846	0.03846153846153846	0.03846153846153846	0.03846153846153846	0.03846153846153846	0.03846153846153846	0.03846153846153846	0.03846153846153846	0.03846153846153846	0.03846153846153846	0.03846153846153846	0.03846153846153846
12.0	9.997500624843776e-06	9.997500624843776e-06	9.997500624843776e-06	9.997500624843776e-06	0.9997500624843775	9.997500624843776e-06	9.997500624843776e-06	9.997500624843776e-06	9.997500624843776e-06	9.997500624843776e-06	9.997500624843776e-06	9.997500624843776e-06	9.997500624843776e-06	9.997500624843776e-06	9.997500624843776e-06	9.997500624843776e-06	9.997500624843776e-06	9.997500624843776e-06	9.997500624843776e-06	9.997500624843776e-06	9.997500624843776e-06	9.997500624843776e-06	9.997500624843776e-06	9.997500624843776e-06	9.997500624843776e-06	9.997500624843776e-06
13.0	0.03846153846153846	0.03846153846153846	0.03846153846153846	0.03846153846153846	0.03846153846153846	0.03846153846153846	0.03846153846153846	0.03846153846153846	0.03846153846153846	0.03846153846153846	0.03846153846153846	0.03846153846153846	0.03846153846153846	0.03846153846153846	0.03846153846153846	0.03846153846153846	0.03846153846153846	0.03846153846153846	0.03846153846153846	0.03846153846153846	0.03846153846153846	0.03846153846153846	0.03846153846153846	0.03846153846153846	0.03846153846153846	0.03846153846153846
14.0	3.313319141616685e-06	3.313319141616685e-06	3.313319141616685e-06	3.313319141616685e-06	0.00419060352544801	3.313319141616685e-06	3.313319141616685e-06	3.313319141616685e-06	3.313319141616685e-06	3.313319141616685e-06	3.313319141616685e-06	3.313319141616685e-06	3.313319141616685e-06	0.72513441583846	3.313319141616685e-06	3.313319141616685e-06	3.313319141616685e-06	3.313319141616685e-06	3.313319141616685e-06	3.313319141616685e-06	3.313319141616685e-06	3.313319141616685e-06	3.313319141616685e-06	3.313319141616685e-06	0.2705987742958346	3.313319141616685e-06
15.0	0.03846153846153846	0.03846153846153846	0.03846153846153846	0.03846153846153846	0.03846153846153846	0.03846153846153846	0.03846153846153846	0.03846153846153846	0.03846153846153846	0.03846153846153846	0.03846153846153846	0.03846153846153846	0.03846153846153846	0.03846153846153846	0.03846153846153846	0.03846153846153846	0.03846153846153846	0.03846153846153846	0.03846153846153846	0.03846153846153846	0.03846153846153846	0.03846153846153846	0.03846153846153846	0.03846153846153846	0.03846153846153846	0.03846153846153846
16.0	0.03846153846153846	0.03846153846153846	0.03846153846153846	0.03846153846153846	0.03846153846153846	0.03846153846153846	0.03846153846153846	0.03846153846153846	0.03846153846153846	0.03846153846153846	0.03846153846153846	0.03846153846153846	0.03846153846153846	0.03846153846153846	0.03846153846153846	0.03846153846153846	0.03846153846153846	0.03846153846153846	0.03846153846153846	0.03846153846153846	0.03846153846153846	0.03846153846153846	0.03846153846153846	0.03846153846153846	0.03846153846153846	0.03846153846153846
17.0	0.03846153846153846	0.03846153846153846	0.03846153846153846	0.03846153846153846	0.03846153846153846	0.03846153846153846	0.03846153846153846	0.03846153846153846	0.03846153846153846	0.03846153846153846	0.03846153846153846	0.03846153846153846	0.03846153846153846	0.03846153846153846	0.03846153846153846	0.03846153846153846	0.03846153846153846	0.03846153846153846	0.03846153846153846	0.03846153846153846	0.03846153846153846	0.03846153846153846	0.03846153846153846	0.03846153846153846	0.03846153846153846	0.03846153846153846
18.0	0.03846153846153846	0.03846153846153846	0.03846153846153846	0.03846153846153846	0.03846153846153846	0.03846153846153846	0.03846153846153846	0.03846153846153846	0.03846153846153846	0.03846153846153846	0.03846153846153846	0.03846153846153846	0.03846153846153846	0.03846153846153846	0.03846153846153846	0.03846153846153846	0.03846153846153846	0.03846153846153846	0.03846153846153846	0.03846153846153846	0.03846153846153846	0.03846153846153846	0.03846153846153846	0.03846153846153846	0.03846153846153846	0.03846153846153846
19.0	0.03846153846153846	0.03846153846153846	0.03846153846153846	0.03846153846153846	0.03846153846153846	0.03846153846153846	0.03846153846153846	0.03846153846153846	0.03846153846153846	0.03846153846153846	0.03846153846153846	0.03846153846153846	0.03846153846153846	0.03846153846153846	0.03846153846153846	0.03846153846153846	0.03846153846153846	0.03846153846153846	0.03846153846153846	0.03846153846153846	0.03846153846153846	0.03846153846153846	0.03846153846153846	0.03846153846153846	0.03846153846153846	0.03846153846153846
20.0	0.03846153846153846	0.03846153846153846	0.03846153846153846	0.03846153846153846	0.03846153846153846	0.03846153846153846	0.03846153846153846	0.03846153846153846	0.03846153846153846	0.03846153846153846	0.03846153846153846	0.03846153846153846	0.03846153846153846	0.03846153846153846	0.03846153846153846	0.03846153846153846	0.03846153846153846	0.03846153846153846	0.03846153846153846	0.03846153846153846	0.03846153846153846	0.03846153846153846	0.03846153846153846	0.03846153846153846	0.03846153846153846	0.03846153846153846
21.0	0.03846153846153846	0.03846153846153846	0.03846153846153846	0.03846153846153846	0.03846153846153846	0.03846153846153846	0.03846153846153846	0.03846153846153846	0.03846153846153846	0.03846153846153846	0.03846153846153846	0.03846153846153846	0.03846153846153846	0.03846153846153846	0.03846153846153846	0.03846153846153846	0.03846153846153846	0.03846153846153846	0.03846153846153846	0.03846153846153846	0.03846153846153846	0.03846153846153846	0.03846153846153846	0.03846153846153846	0.03846153846153846	0.03846153846153846
22.0	9.997500624843786e-06	9.997500624843786e-06	9.997500624843786e-06	9.997500624843786e-06	9.997500624843786e-06	9.997500624843786e-06	9.997500624843786e-06	9.997500624843786e-06	9.997500624843786e-06	9.997500624843786e-06	9.997500624843786e-06	9.997500624843786e-06	9.997500624843786e-06	9.997500624843786e-06	9.997500624843786e-06	9.997500624843786e-06	9.997500624843786e-06	9.997500624843786e-06	9.997500624843786e-06	0.9997500624843786	9.997500624843786e-06	9.997500624843786e-06	9.997500624843786e-06	9.997500624843786e-06	9.997500624843786e-06	9.997500624843786e-06
23.0	0.03846153846153846	0.03846153846153846	0.03846153846153846	0.03846153846153846	0.03846153846153846	0.03846153846153846	0.03846153846153846	0.03846153846153846	0.03846153846153846	0.03846153846153846	0.03846153846153846	0.03846153846153846	0.03846153846153846	0.03846153846153846	0.03846153846153846	0.03846153846153846	0.03846153846153846	0.03846153846153846	0.03846153846153846	0.03846153846153846	0.03846153846153846	0.03846153846153846	0.03846153846153846	0.03846153846153846	0.03846153846153846	0.03846153846153846
24.0	0.03846153846153846	0.03846153846153846	0.03846153846153846	0.03846153846153846	0.03846153846153846	0.03846153846153846	0.03846153846153846	0.03846153846153846	0.03846153846153846	0.03846153846153846	0.03846153846153846	0.03846153846153846	0.03846153846153846	0.03846153846153846	0.03846153846153846	0.03846153846153846	0.03846153846153846	0.03846153846153846	0.03846153846153846	0.03846153846153846	0.03846153846153846	0.03846153846153846	0.03846153846153846	0.03846153846153846	0.03846153846153846	0.03846153846153846
25.0	0.03846153846153846	0.03846153846153846	0.03846153846153846	0.03846153846153846	0.03846153846153846	0.03846153846153846	0.03846153846153846	0.03846153846153846	0.03846153846153846	0.03846153846153846	0.03846153846153846	0.03846153846153846	0.03846153846153846	0.03846153846153846	0.03846153846153846	0.03846153846153846	0.03846153846153846	0.03846153846153846	0.03846153846153846	0.03846153846153846	0.03846153846153846	0.03846153846153846	0.03846153846153846	0.03846153846153846	0.03846153846153846	0.03846153846153846
26.0	0.03846153846153846	0.03846153846153846	0.03846153846153846	0.03846153846153846	0.03846153846153846	0.03846153846153846	0.03846153846153846	0.03846153846153846	0.03846153846153846	0.03846153846153846	0.03846153846153846	0.03846153846153846	0.03846153846153846	0.03846153846153846	0.03846153846153846	0.03846153846153846	0.03846153846153846	0.03846153846153846	0.03846153846153846	0.03846153846153846	0.03846153846153846	0.03846153846153846	0.03846153846153846	0.03846153846153846	0.03846153846153846	0.03846153846153846
