	(10-11)-1.0	(10-11)-2.0	(10-11)-3.0	(10-11)-4.0	(10-11)-5.0	(10-11)-6.0	(10-11)-7.0	(10-11)-8.0	(10-11)-9.0	(10-11)-10.0	(10-11)-11.0	(10-11)-12.0	(10-11)-13.0	(10-11)-14.0	(10-11)-15.0	(10-11)-16.0	(10-11)-17.0	(10-11)-18.0	(10-11)-19.0	(10-11)-20.0	(10-11)-21.0	(10-11)-22.0	(10-11)-23.0	(10-11)-24.0	(10-11)-25.0	(10-11)-26.0	(10-11)-27.0
1.0	0.037037037037037035	0.037037037037037035	0.037037037037037035	0.037037037037037035	0.037037037037037035	0.037037037037037035	0.037037037037037035	0.037037037037037035	0.037037037037037035	0.037037037037037035	0.037037037037037035	0.037037037037037035	0.037037037037037035	0.037037037037037035	0.037037037037037035	0.037037037037037035	0.037037037037037035	0.037037037037037035	0.037037037037037035	0.037037037037037035	0.037037037037037035	0.037037037037037035	0.037037037037037035	0.037037037037037035	0.037037037037037035	0.037037037037037035	0.037037037037037035
2.0	0.037037037037037035	0.037037037037037035	0.037037037037037035	0.037037037037037035	0.037037037037037035	0.037037037037037035	0.037037037037037035	0.037037037037037035	0.037037037037037035	0.037037037037037035	0.037037037037037035	0.037037037037037035	0.037037037037037035	0.037037037037037035	0.037037037037037035	0.037037037037037035	0.037037037037037035	0.037037037037037035	0.037037037037037035	0.037037037037037035	0.037037037037037035	0.037037037037037035	0.037037037037037035	0.037037037037037035	0.037037037037037035	0.037037037037037035	0.037037037037037035
3.0	0.037037037037037035	0.037037037037037035	0.037037037037037035	0.037037037037037035	0.037037037037037035	0.037037037037037035	0.037037037037037035	0.037037037037037035	0.037037037037037035	0.037037037037037035	0.037037037037037035	0.037037037037037035	0.037037037037037035	0.037037037037037035	0.037037037037037035	0.037037037037037035	0.037037037037037035	0.037037037037037035	0.037037037037037035	0.037037037037037035	0.037037037037037035	0.037037037037037035	0.037037037037037035	0.037037037037037035	0.037037037037037035	0.037037037037037035	0.037037037037037035
4.0	0.037037037037037035	0.037037037037037035	0.037037037037037035	0.037037037037037035	0.037037037037037035	0.037037037037037035	0.037037037037037035	0.037037037037037035	0.037037037037037035	0.037037037037037035	0.037037037037037035	0.037037037037037035	0.037037037037037035	0.037037037037037035	0.037037037037037035	0.037037037037037035	0.037037037037037035	0.037037037037037035	0.037037037037037035	0.037037037037037035	0.037037037037037035	0.037037037037037035	0.037037037037037035	0.037037037037037035	0.037037037037037035	0.037037037037037035	0.037037037037037035
5.0	0.037037037037037035	0.037037037037037035	0.037037037037037035	0.037037037037037035	0.037037037037037035	0.037037037037037035	0.037037037037037035	0.037037037037037035	0.037037037037037035	0.037037037037037035	0.037037037037037035	0.037037037037037035	0.037037037037037035	0.037037037037037035	0.037037037037037035	0.037037037037037035	0.037037037037037035	0.037037037037037035	0.037037037037037035	0.037037037037037035	0.037037037037037035	0.037037037037037035	0.037037037037037035	0.037037037037037035	0.037037037037037035	0.037037037037037035	0.037037037037037035
6.0	0.037037037037037035	0.037037037037037035	0.037037037037037035	0.037037037037037035	0.037037037037037035	0.037037037037037035	0.037037037037037035	0.037037037037037035	0.037037037037037035	0.037037037037037035	0.037037037037037035	0.037037037037037035	0.037037037037037035	0.037037037037037035	0.037037037037037035	0.037037037037037035	0.037037037037037035	0.037037037037037035	0.037037037037037035	0.037037037037037035	0.037037037037037035	0.037037037037037035	0.037037037037037035	0.037037037037037035	0.037037037037037035	0.037037037037037035	0.037037037037037035
7.0	0.037037037037037035	0.037037037037037035	0.037037037037037035	0.037037037037037035	0.037037037037037035	0.037037037037037035	0.037037037037037035	0.037037037037037035	0.037037037037037035	0.037037037037037035	0.037037037037037035	0.037037037037037035	0.037037037037037035	0.037037037037037035	0.037037037037037035	0.037037037037037035	0.037037037037037035	0.037037037037037035	0.037037037037037035	0.037037037037037035	0.037037037037037035	0.037037037037037035	0.037037037037037035	0.037037037037037035	0.037037037037037035	0.037037037037037035	0.037037037037037035
8.0	0.037037037037037035	0.037037037037037035	0.037037037037037035	0.037037037037037035	0.037037037037037035	0.037037037037037035	0.037037037037037035	0.037037037037037035	0.037037037037037035	0.037037037037037035	0.037037037037037035	0.037037037037037035	0.037037037037037035	0.037037037037037035	0.037037037037037035	0.037037037037037035	0.037037037037037035	0.037037037037037035	0.037037037037037035	0.037037037037037035	0.037037037037037035	0.037037037037037035	0.037037037037037035	0.037037037037037035	0.037037037037037035	0.037037037037037035	0.037037037037037035
9.0	5.8815226085729045e-06	5.8815226085729045e-06	5.8815226085729045e-06	5.8815226085729045e-06	5.8815226085729045e-06	5.8815226085729045e-06	5.8815226085729045e-06	5.8815226085729045e-06	0.5881522608572903	0.05314656291741219	0.358560019682691	5.8815226085729045e-06	5.8815226085729045e-06	5.8815226085729045e-06	5.8815226085729045e-06	5.8815226085729045e-06	5.8815226085729045e-06	5.8815226085729045e-06	5.8815226085729045e-06	5.8815226085729045e-06	5.8815226085729045e-06	5.8815226085729045e-06	5.8815226085729045e-06	5.8815226085729045e-06	5.8815226085729045e-06	5.8815226085729045e-06	5.8815226085729045e-06
10.0	7.690828686790998e-06	7.690828686790998e-06	7.690828686790998e-06	7.690828686790998e-06	7.690828686790998e-06	7.690828686790998e-06	7.690828686790998e-06	7.690828686790998e-06	7.690828686790998e-06	0.7988667823664788	0.20094094691635078	7.690828686790998e-06	7.690828686790998e-06	7.690828686790998e-06	7.690828686790998e-06	7.690828686790998e-06	7.690828686790998e-06	7.690828686790998e-06	7.690828686790998e-06	7.690828686790998e-06	7.690828686790998e-06	7.690828686790998e-06	7.690828686790998e-06	7.690828686790998e-06	7.690828686790998e-06	7.690828686790998e-06	7.690828686790998e-06
11.0	9.090694219954807e-07	9.090694219954807e-07	9.090694219954807e-07	9.090694219954807e-07	9.090694219954807e-07	9.090694219954807e-07	9.090694219954807e-07	9.090694219954807e-07	9.090694219954807e-07	9.090694219954807e-07	0.9999763641950287	9.090694219954807e-07	9.090694219954807e-07	9.090694219954807e-07	9.090694219954807e-07	9.090694219954807e-07	9.090694219954807e-07	9.090694219954807e-07	9.090694219954807e-07	9.090694219954807e-07	9.090694219954807e-07	9.090694219954807e-07	9.090694219954807e-07	9.090694219954807e-07	9.090694219954807e-07	9.090694219954807e-07	9.090694219954807e-07
12.0	0.037037037037037035	0.037037037037037035	0.037037037037037035	0.037037037037037035	0.037037037037037035	0.037037037037037035	0.037037037037037035	0.037037037037037035	0.037037037037037035	0.037037037037037035	0.037037037037037035	0.037037037037037035	0.037037037037037035	0.037037037037037035	0.037037037037037035	0.037037037037037035	0.037037037037037035	0.037037037037037035	0.037037037037037035	0.037037037037037035	0.037037037037037035	0.037037037037037035	0.037037037037037035	0.037037037037037035	0.037037037037037035	0.037037037037037035	0.037037037037037035
13.0	0.037037037037037035	0.037037037037037035	0.037037037037037035	0.037037037037037035	0.037037037037037035	0.037037037037037035	0.037037037037037035	0.037037037037037035	0.037037037037037035	0.037037037037037035	0.037037037037037035	0.037037037037037035	0.037037037037037035	0.037037037037037035	0.037037037037037035	0.037037037037037035	0.037037037037037035	0.037037037037037035	0.037037037037037035	0.037037037037037035	0.037037037037037035	0.037037037037037035	0.037037037037037035	0.037037037037037035	0.037037037037037035	0.037037037037037035	0.037037037037037035
14.0	0.037037037037037035	0.037037037037037035	0.037037037037037035	0.037037037037037035	0.037037037037037035	0.037037037037037035	0.037037037037037035	0.037037037037037035	0.037037037037037035	0.037037037037037035	0.037037037037037035	0.037037037037037035	0.037037037037037035	0.037037037037037035	0.037037037037037035	0.037037037037037035	0.037037037037037035	0.037037037037037035	0.037037037037037035	0.037037037037037035	0.037037037037037035	0.037037037037037035	0.037037037037037035	0.037037037037037035	0.037037037037037035	0.037037037037037035	0.037037037037037035
15.0	9.997500624843783e-06	9.997500624843783e-06	9.997500624843783e-06	9.997500624843783e-06	9.997500624843783e-06	9.997500624843783e-06	9.997500624843783e-06	9.997500624843783e-06	9.997500624843783e-06	9.997500624843783e-06	0.733216695826043	9.997500624843783e-06	9.997500624843783e-06	9.997500624843783e-06	0.2665333666583352	9.997500624843783e-06	9.997500624843783e-06	9.997500624843783e-06	9.997500624843783e-06	9.997500624843783e-06	9.997500624843783e-06	9.997500624843783e-06	9.997500624843783e-06	9.997500624843783e-06	9.997500624843783e-06	9.997500624843783e-06	9.997500624843783e-06
16.0	0.037037037037037035	0.037037037037037035	0.037037037037037035	0.037037037037037035	0.037037037037037035	0.037037037037037035	0.037037037037037035	0.037037037037037035	0.037037037037037035	0.037037037037037035	0.037037037037037035	0.037037037037037035	0.037037037037037035	0.037037037037037035	0.037037037037037035	0.037037037037037035	0.037037037037037035	0.037037037037037035	0.037037037037037035	0.037037037037037035	0.037037037037037035	0.037037037037037035	0.037037037037037035	0.037037037037037035	0.037037037037037035	0.037037037037037035	0.037037037037037035
17.0	9.99740067582428e-06	9.99740067582428e-06	9.99740067582428e-06	9.99740067582428e-06	9.99740067582428e-06	9.99740067582428e-06	9.99740067582428e-06	9.99740067582428e-06	9.99740067582428e-06	9.99740067582428e-06	9.99740067582428e-06	9.99740067582428e-06	9.99740067582428e-06	9.99740067582428e-06	9.99740067582428e-06	9.99740067582428e-06	0.999740067582428	9.99740067582428e-06	9.99740067582428e-06	9.99740067582428e-06	9.99740067582428e-06	9.99740067582428e-06	9.99740067582428e-06	9.99740067582428e-06	9.99740067582428e-06	9.99740067582428e-06	9.99740067582428e-06
18.0	0.037037037037037035	0.037037037037037035	0.037037037037037035	0.037037037037037035	0.037037037037037035	0.037037037037037035	0.037037037037037035	0.037037037037037035	0.037037037037037035	0.037037037037037035	0.037037037037037035	0.037037037037037035	0.037037037037037035	0.037037037037037035	0.037037037037037035	0.037037037037037035	0.037037037037037035	0.037037037037037035	0.037037037037037035	0.037037037037037035	0.037037037037037035	0.037037037037037035	0.037037037037037035	0.037037037037037035	0.037037037037037035	0.037037037037037035	0.037037037037037035
19.0	0.037037037037037035	0.037037037037037035	0.037037037037037035	0.037037037037037035	0.037037037037037035	0.037037037037037035	0.037037037037037035	0.037037037037037035	0.037037037037037035	0.037037037037037035	0.037037037037037035	0.037037037037037035	0.037037037037037035	0.037037037037037035	0.037037037037037035	0.037037037037037035	0.037037037037037035	0.037037037037037035	0.037037037037037035	0.037037037037037035	0.037037037037037035	0.037037037037037035	0.037037037037037035	0.037037037037037035	0.037037037037037035	0.037037037037037035	0.037037037037037035
20.0	0.037037037037037035	0.037037037037037035	0.037037037037037035	0.037037037037037035	0.037037037037037035	0.037037037037037035	0.037037037037037035	0.037037037037037035	0.037037037037037035	0.037037037037037035	0.037037037037037035	0.037037037037037035	0.037037037037037035	0.037037037037037035	0.037037037037037035	0.037037037037037035	0.037037037037037035	0.037037037037037035	0.037037037037037035	0.037037037037037035	0.037037037037037035	0.037037037037037035	0.037037037037037035	0.037037037037037035	0.037037037037037035	0.037037037037037035	0.037037037037037035
21.0	0.037037037037037035	0.037037037037037035	0.037037037037037035	0.037037037037037035	0.037037037037037035	0.037037037037037035	0.037037037037037035	0.037037037037037035	0.037037037037037035	0.037037037037037035	0.037037037037037035	0.037037037037037035	0.037037037037037035	0.037037037037037035	0.037037037037037035	0.037037037037037035	0.037037037037037035	0.037037037037037035	0.037037037037037035	0.037037037037037035	0.037037037037037035	0.037037037037037035	0.037037037037037035	0.037037037037037035	0.037037037037037035	0.037037037037037035	0.037037037037037035
22.0	0.037037037037037035	0.037037037037037035	0.037037037037037035	0.037037037037037035	0.037037037037037035	0.037037037037037035	0.037037037037037035	0.037037037037037035	0.037037037037037035	0.037037037037037035	0.037037037037037035	0.037037037037037035	0.037037037037037035	0.037037037037037035	0.037037037037037035	0.037037037037037035	0.037037037037037035	0.037037037037037035	0.037037037037037035	0.037037037037037035	0.037037037037037035	0.037037037037037035	0.037037037037037035	0.037037037037037035	0.037037037037037035	0.037037037037037035	0.037037037037037035
23.0	0.037037037037037035	0.037037037037037035	0.037037037037037035	0.037037037037037035	0.037037037037037035	0.037037037037037035	0.037037037037037035	0.037037037037037035	0.037037037037037035	0.037037037037037035	0.037037037037037035	0.037037037037037035	0.037037037037037035	0.037037037037037035	0.037037037037037035	0.037037037037037035	0.037037037037037035	0.037037037037037035	0.037037037037037035	0.037037037037037035	0.037037037037037035	0.037037037037037035	0.037037037037037035	0.037037037037037035	0.037037037037037035	0.037037037037037035	0.037037037037037035
24.0	0.037037037037037035	0.037037037037037035	0.037037037037037035	0.037037037037037035	0.037037037037037035	0.037037037037037035	0.037037037037037035	0.037037037037037035	0.037037037037037035	0.037037037037037035	0.037037037037037035	0.037037037037037035	0.037037037037037035	0.037037037037037035	0.037037037037037035	0.037037037037037035	0.037037037037037035	0.037037037037037035	0.037037037037037035	0.037037037037037035	0.037037037037037035	0.037037037037037035	0.037037037037037035	0.037037037037037035	0.037037037037037035	0.037037037037037035	0.037037037037037035
25.0	0.037037037037037035	0.037037037037037035	0.037037037037037035	0.037037037037037035	0.037037037037037035	0.037037037037037035	0.037037037037037035	0.037037037037037035	0.037037037037037035	0.037037037037037035	0.037037037037037035	0.037037037037037035	0.037037037037037035	0.037037037037037035	0.037037037037037035	0.037037037037037035	0.037037037037037035	0.037037037037037035	0.037037037037037035	0.037037037037037035	0.037037037037037035	0.037037037037037035	0.037037037037037035	0.037037037037037035	0.037037037037037035	0.037037037037037035	0.037037037037037035
26.0	0.037037037037037035	0.037037037037037035	0.037037037037037035	0.037037037037037035	0.037037037037037035	0.037037037037037035	0.037037037037037035	0.037037037037037035	0.037037037037037035	0.037037037037037035	0.037037037037037035	0.037037037037037035	0.037037037037037035	0.037037037037037035	0.037037037037037035	0.037037037037037035	0.037037037037037035	0.037037037037037035	0.037037037037037035	0.037037037037037035	0.037037037037037035	0.037037037037037035	0.037037037037037035	0.037037037037037035	0.037037037037037035	0.037037037037037035	0.037037037037037035
27.0	0.037037037037037035	0.037037037037037035	0.037037037037037035	0.037037037037037035	0.037037037037037035	0.037037037037037035	0.037037037037037035	0.037037037037037035	0.037037037037037035	0.037037037037037035	0.037037037037037035	0.037037037037037035	0.037037037037037035	0.037037037037037035	0.037037037037037035	0.037037037037037035	0.037037037037037035	0.037037037037037035	0.037037037037037035	0.037037037037037035	0.037037037037037035	0.037037037037037035	0.037037037037037035	0.037037037037037035	0.037037037037037035	0.037037037037037035	0.037037037037037035
