	(19-20)-1.0	(19-20)-2.0	(19-20)-3.0	(19-20)-4.0	(19-20)-5.0	(19-20)-6.0	(19-20)-7.0	(19-20)-8.0	(19-20)-9.0	(19-20)-10.0	(19-20)-11.0	(19-20)-12.0	(19-20)-13.0	(19-20)-14.0	(19-20)-15.0	(19-20)-16.0	(19-20)-17.0	(19-20)-18.0	(19-20)-19.0	(19-20)-20.0	(19-20)-21.0	(19-20)-22.0	(19-20)-23.0	(19-20)-24.0	(19-20)-25.0	(19-20)-26.0	(19-20)-27.0
1.0	0.037037037037037035	0.037037037037037035	0.037037037037037035	0.037037037037037035	0.037037037037037035	0.037037037037037035	0.037037037037037035	0.037037037037037035	0.037037037037037035	0.037037037037037035	0.037037037037037035	0.037037037037037035	0.037037037037037035	0.037037037037037035	0.037037037037037035	0.037037037037037035	0.037037037037037035	0.037037037037037035	0.037037037037037035	0.037037037037037035	0.037037037037037035	0.037037037037037035	0.037037037037037035	0.037037037037037035	0.037037037037037035	0.037037037037037035	0.037037037037037035
2.0	0.037037037037037035	0.037037037037037035	0.037037037037037035	0.037037037037037035	0.037037037037037035	0.037037037037037035	0.037037037037037035	0.037037037037037035	0.037037037037037035	0.037037037037037035	0.037037037037037035	0.037037037037037035	0.037037037037037035	0.037037037037037035	0.037037037037037035	0.037037037037037035	0.037037037037037035	0.037037037037037035	0.037037037037037035	0.037037037037037035	0.037037037037037035	0.037037037037037035	0.037037037037037035	0.037037037037037035	0.037037037037037035	0.037037037037037035	0.037037037037037035
3.0	0.037037037037037035	0.037037037037037035	0.037037037037037035	0.037037037037037035	0.037037037037037035	0.037037037037037035	0.037037037037037035	0.037037037037037035	0.037037037037037035	0.037037037037037035	0.037037037037037035	0.037037037037037035	0.037037037037037035	0.037037037037037035	0.037037037037037035	0.037037037037037035	0.037037037037037035	0.037037037037037035	0.037037037037037035	0.037037037037037035	0.037037037037037035	0.037037037037037035	0.037037037037037035	0.037037037037037035	0.037037037037037035	0.037037037037037035	0.037037037037037035
4.0	0.037037037037037035	0.037037037037037035	0.037037037037037035	0.037037037037037035	0.037037037037037035	0.037037037037037035	0.037037037037037035	0.037037037037037035	0.037037037037037035	0.037037037037037035	0.037037037037037035	0.037037037037037035	0.037037037037037035	0.037037037037037035	0.037037037037037035	0.037037037037037035	0.037037037037037035	0.037037037037037035	0.037037037037037035	0.037037037037037035	0.037037037037037035	0.037037037037037035	0.037037037037037035	0.037037037037037035	0.037037037037037035	0.037037037037037035	0.037037037037037035
5.0	9.997400675824272e-06	9.997400675824272e-06	9.997400675824272e-06	9.997400675824272e-06	0.9997400675824271	9.997400675824272e-06	9.997400675824272e-06	9.997400675824272e-06	9.997400675824272e-06	9.997400675824272e-06	9.997400675824272e-06	9.997400675824272e-06	9.997400675824272e-06	9.997400675824272e-06	9.997400675824272e-06	9.997400675824272e-06	9.997400675824272e-06	9.997400675824272e-06	9.997400675824272e-06	9.997400675824272e-06	9.997400675824272e-06	9.997400675824272e-06	9.997400675824272e-06	9.997400675824272e-06	9.997400675824272e-06	9.997400675824272e-06	9.997400675824272e-06
6.0	0.037037037037037035	0.037037037037037035	0.037037037037037035	0.037037037037037035	0.037037037037037035	0.037037037037037035	0.037037037037037035	0.037037037037037035	0.037037037037037035	0.037037037037037035	0.037037037037037035	0.037037037037037035	0.037037037037037035	0.037037037037037035	0.037037037037037035	0.037037037037037035	0.037037037037037035	0.037037037037037035	0.037037037037037035	0.037037037037037035	0.037037037037037035	0.037037037037037035	0.037037037037037035	0.037037037037037035	0.037037037037037035	0.037037037037037035	0.037037037037037035
7.0	0.037037037037037035	0.037037037037037035	0.037037037037037035	0.037037037037037035	0.037037037037037035	0.037037037037037035	0.037037037037037035	0.037037037037037035	0.037037037037037035	0.037037037037037035	0.037037037037037035	0.037037037037037035	0.037037037037037035	0.037037037037037035	0.037037037037037035	0.037037037037037035	0.037037037037037035	0.037037037037037035	0.037037037037037035	0.037037037037037035	0.037037037037037035	0.037037037037037035	0.037037037037037035	0.037037037037037035	0.037037037037037035	0.037037037037037035	0.037037037037037035
8.0	0.037037037037037035	0.037037037037037035	0.037037037037037035	0.037037037037037035	0.037037037037037035	0.037037037037037035	0.037037037037037035	0.037037037037037035	0.037037037037037035	0.037037037037037035	0.037037037037037035	0.037037037037037035	0.037037037037037035	0.037037037037037035	0.037037037037037035	0.037037037037037035	0.037037037037037035	0.037037037037037035	0.037037037037037035	0.037037037037037035	0.037037037037037035	0.037037037037037035	0.037037037037037035	0.037037037037037035	0.037037037037037035	0.037037037037037035	0.037037037037037035
9.0	4.999350084489014e-06	4.999350084489014e-06	4.999350084489014e-06	4.999350084489014e-06	4.999350084489014e-06	4.999350084489014e-06	4.999350084489014e-06	4.999350084489014e-06	0.9998700168978026	4.999350084489014e-06	4.999350084489014e-06	4.999350084489014e-06	4.999350084489014e-06	4.999350084489014e-06	4.999350084489014e-06	4.999350084489014e-06	4.999350084489014e-06	4.999350084489014e-06	4.999350084489014e-06	4.999350084489014e-06	4.999350084489014e-06	4.999350084489014e-06	4.999350084489014e-06	4.999350084489014e-06	4.999350084489014e-06	4.999350084489014e-06	4.999350084489014e-06
10.0	0.037037037037037035	0.037037037037037035	0.037037037037037035	0.037037037037037035	0.037037037037037035	0.037037037037037035	0.037037037037037035	0.037037037037037035	0.037037037037037035	0.037037037037037035	0.037037037037037035	0.037037037037037035	0.037037037037037035	0.037037037037037035	0.037037037037037035	0.037037037037037035	0.037037037037037035	0.037037037037037035	0.037037037037037035	0.037037037037037035	0.037037037037037035	0.037037037037037035	0.037037037037037035	0.037037037037037035	0.037037037037037035	0.037037037037037035	0.037037037037037035
11.0	1.2499625011249671e-06	1.2499625011249671e-06	1.2499625011249671e-06	1.2499625011249671e-06	1.2499625011249671e-06	1.2499625011249671e-06	1.2499625011249671e-06	1.2499625011249671e-06	0.23176095118346313	1.2499625011249671e-06	0.7144597621591358	0.05374928755737476	1.2499625011249671e-06	1.2499625011249671e-06	1.2499625011249671e-06	1.2499625011249671e-06	1.2499625011249671e-06	1.2499625011249671e-06	1.2499625011249671e-06	1.2499625011249671e-06	1.2499625011249671e-06	1.2499625011249671e-06	1.2499625011249671e-06	1.2499625011249671e-06	1.2499625011249671e-06	1.2499625011249671e-06	1.2499625011249671e-06
12.0	0.037037037037037035	0.037037037037037035	0.037037037037037035	0.037037037037037035	0.037037037037037035	0.037037037037037035	0.037037037037037035	0.037037037037037035	0.037037037037037035	0.037037037037037035	0.037037037037037035	0.037037037037037035	0.037037037037037035	0.037037037037037035	0.037037037037037035	0.037037037037037035	0.037037037037037035	0.037037037037037035	0.037037037037037035	0.037037037037037035	0.037037037037037035	0.037037037037037035	0.037037037037037035	0.037037037037037035	0.037037037037037035	0.037037037037037035	0.037037037037037035
13.0	0.037037037037037035	0.037037037037037035	0.037037037037037035	0.037037037037037035	0.037037037037037035	0.037037037037037035	0.037037037037037035	0.037037037037037035	0.037037037037037035	0.037037037037037035	0.037037037037037035	0.037037037037037035	0.037037037037037035	0.037037037037037035	0.037037037037037035	0.037037037037037035	0.037037037037037035	0.037037037037037035	0.037037037037037035	0.037037037037037035	0.037037037037037035	0.037037037037037035	0.037037037037037035	0.037037037037037035	0.037037037037037035	0.037037037037037035	0.037037037037037035
14.0	9.997400675824273e-06	9.997400675824273e-06	9.997400675824273e-06	9.997400675824273e-06	9.997400675824273e-06	9.997400675824273e-06	9.997400675824273e-06	9.997400675824273e-06	0.9997400675824273	9.997400675824273e-06	9.997400675824273e-06	9.997400675824273e-06	9.997400675824273e-06	9.997400675824273e-06	9.997400675824273e-06	9.997400675824273e-06	9.997400675824273e-06	9.997400675824273e-06	9.997400675824273e-06	9.997400675824273e-06	9.997400675824273e-06	9.997400675824273e-06	9.997400675824273e-06	9.997400675824273e-06	9.997400675824273e-06	9.997400675824273e-06	9.997400675824273e-06
15.0	0.037037037037037035	0.037037037037037035	0.037037037037037035	0.037037037037037035	0.037037037037037035	0.037037037037037035	0.037037037037037035	0.037037037037037035	0.037037037037037035	0.037037037037037035	0.037037037037037035	0.037037037037037035	0.037037037037037035	0.037037037037037035	0.037037037037037035	0.037037037037037035	0.037037037037037035	0.037037037037037035	0.037037037037037035	0.037037037037037035	0.037037037037037035	0.037037037037037035	0.037037037037037035	0.037037037037037035	0.037037037037037035	0.037037037037037035	0.037037037037037035
16.0	0.037037037037037035	0.037037037037037035	0.037037037037037035	0.037037037037037035	0.037037037037037035	0.037037037037037035	0.037037037037037035	0.037037037037037035	0.037037037037037035	0.037037037037037035	0.037037037037037035	0.037037037037037035	0.037037037037037035	0.037037037037037035	0.037037037037037035	0.037037037037037035	0.037037037037037035	0.037037037037037035	0.037037037037037035	0.037037037037037035	0.037037037037037035	0.037037037037037035	0.037037037037037035	0.037037037037037035	0.037037037037037035	0.037037037037037035	0.037037037037037035
17.0	0.037037037037037035	0.037037037037037035	0.037037037037037035	0.037037037037037035	0.037037037037037035	0.037037037037037035	0.037037037037037035	0.037037037037037035	0.037037037037037035	0.037037037037037035	0.037037037037037035	0.037037037037037035	0.037037037037037035	0.037037037037037035	0.037037037037037035	0.037037037037037035	0.037037037037037035	0.037037037037037035	0.037037037037037035	0.037037037037037035	0.037037037037037035	0.037037037037037035	0.037037037037037035	0.037037037037037035	0.037037037037037035	0.037037037037037035	0.037037037037037035
18.0	0.037037037037037035	0.037037037037037035	0.037037037037037035	0.037037037037037035	0.037037037037037035	0.037037037037037035	0.037037037037037035	0.037037037037037035	0.037037037037037035	0.037037037037037035	0.037037037037037035	0.037037037037037035	0.037037037037037035	0.037037037037037035	0.037037037037037035	0.037037037037037035	0.037037037037037035	0.037037037037037035	0.037037037037037035	0.037037037037037035	0.037037037037037035	0.037037037037037035	0.037037037037037035	0.037037037037037035	0.037037037037037035	0.037037037037037035	0.037037037037037035
19.0	0.037037037037037035	0.037037037037037035	0.037037037037037035	0.037037037037037035	0.037037037037037035	0.037037037037037035	0.037037037037037035	0.037037037037037035	0.037037037037037035	0.037037037037037035	0.037037037037037035	0.037037037037037035	0.037037037037037035	0.037037037037037035	0.037037037037037035	0.037037037037037035	0.037037037037037035	0.037037037037037035	0.037037037037037035	0.037037037037037035	0.037037037037037035	0.037037037037037035	0.037037037037037035	0.037037037037037035	0.037037037037037035	0.037037037037037035	0.037037037037037035
20.0	0.037037037037037035	0.037037037037037035	0.037037037037037035	0.037037037037037035	0.037037037037037035	0.037037037037037035	0.037037037037037035	0.037037037037037035	0.037037037037037035	0.037037037037037035	0.037037037037037035	0.037037037037037035	0.037037037037037035	0.037037037037037035	0.037037037037037035	0.037037037037037035	0.037037037037037035	0.037037037037037035	0.037037037037037035	0.037037037037037035	0.037037037037037035	0.037037037037037035	0.037037037037037035	0.037037037037037035	0.037037037037037035	0.037037037037037035	0.037037037037037035
21.0	0.0001493651979088872	0.0001493651979088872	0.0001493651979088872	0.0001493651979088872	0.0001493651979088872	0.0001493651979088872	0.0001493651979088872	0.0001493651979088872	0.9132437142145878	0.0001493651979088872	0.0001493651979088872	0.0001493651979088872	0.0001493651979088872	0.0001493651979088872	0.0001493651979088872	0.0001493651979088872	0.0001493651979088872	0.0001493651979088872	0.0001493651979088872	0.0001493651979088872	0.0001493651979088872	0.08302215583768979	0.0001493651979088872	0.0001493651979088872	0.0001493651979088872	0.0001493651979088872	0.0001493651979088872
22.0	1.0711799046649894e-05	1.0711799046649894e-05	1.0711799046649894e-05	1.0711799046649894e-05	1.0711799046649894e-05	1.0711799046649894e-05	1.0711799046649894e-05	1.0711799046649894e-05	0.916421187938515	1.0711799046649894e-05	1.0711799046649894e-05	1.0711799046649894e-05	1.0711799046649894e-05	1.0711799046649894e-05	1.0711799046649894e-05	1.0711799046649894e-05	1.0711799046649894e-05	1.0711799046649894e-05	1.0711799046649894e-05	1.0711799046649894e-05	1.0711799046649894e-05	0.08331101708531954	1.0711799046649894e-05	1.0711799046649894e-05	1.0711799046649894e-05	1.0711799046649894e-05	1.0711799046649894e-05
23.0	0.037037037037037035	0.037037037037037035	0.037037037037037035	0.037037037037037035	0.037037037037037035	0.037037037037037035	0.037037037037037035	0.037037037037037035	0.037037037037037035	0.037037037037037035	0.037037037037037035	0.037037037037037035	0.037037037037037035	0.037037037037037035	0.037037037037037035	0.037037037037037035	0.037037037037037035	0.037037037037037035	0.037037037037037035	0.037037037037037035	0.037037037037037035	0.037037037037037035	0.037037037037037035	0.037037037037037035	0.037037037037037035	0.037037037037037035	0.037037037037037035
24.0	0.037037037037037035	0.037037037037037035	0.037037037037037035	0.037037037037037035	0.037037037037037035	0.037037037037037035	0.037037037037037035	0.037037037037037035	0.037037037037037035	0.037037037037037035	0.037037037037037035	0.037037037037037035	0.037037037037037035	0.037037037037037035	0.037037037037037035	0.037037037037037035	0.037037037037037035	0.037037037037037035	0.037037037037037035	0.037037037037037035	0.037037037037037035	0.037037037037037035	0.037037037037037035	0.037037037037037035	0.037037037037037035	0.037037037037037035	0.037037037037037035
25.0	0.037037037037037035	0.037037037037037035	0.037037037037037035	0.037037037037037035	0.037037037037037035	0.037037037037037035	0.037037037037037035	0.037037037037037035	0.037037037037037035	0.037037037037037035	0.037037037037037035	0.037037037037037035	0.037037037037037035	0.037037037037037035	0.037037037037037035	0.037037037037037035	0.037037037037037035	0.037037037037037035	0.037037037037037035	0.037037037037037035	0.037037037037037035	0.037037037037037035	0.037037037037037035	0.037037037037037035	0.037037037037037035	0.037037037037037035	0.037037037037037035
26.0	9.997500624843786e-06	9.997500624843786e-06	9.997500624843786e-06	9.997500624843786e-06	9.997500624843786e-06	9.997500624843786e-06	9.997500624843786e-06	9.997500624843786e-06	9.997500624843786e-06	9.997500624843786e-06	9.997500624843786e-06	0.2915521119720069	9.997500624843786e-06	9.997500624843786e-06	9.997500624843786e-06	9.997500624843786e-06	9.997500624843786e-06	9.997500624843786e-06	9.997500624843786e-06	9.997500624843786e-06	9.997500624843786e-06	9.997500624843786e-06	9.997500624843786e-06	9.997500624843786e-06	9.997500624843786e-06	0.7081979505123717	9.997500624843786e-06
27.0	0.037037037037037035	0.037037037037037035	0.037037037037037035	0.037037037037037035	0.037037037037037035	0.037037037037037035	0.037037037037037035	0.037037037037037035	0.037037037037037035	0.037037037037037035	0.037037037037037035	0.037037037037037035	0.037037037037037035	0.037037037037037035	0.037037037037037035	0.037037037037037035	0.037037037037037035	0.037037037037037035	0.037037037037037035	0.037037037037037035	0.037037037037037035	0.037037037037037035	0.037037037037037035	0.037037037037037035	0.037037037037037035	0.037037037037037035	0.037037037037037035
