	(22-23)-4.0	(22-23)-5.0	(22-23)-9.0	(22-23)-10.0	(22-23)-15.0	(22-23)-24.0	(22-23)-12.0	(22-23)-13.0	(22-23)-19.0	(22-23)-34.0	(22-23)-42.0	(22-23)-56.0	(22-23)-61.0	(22-23)-101.0	(22-23)-102.0	(22-23)-103.0	(22-23)-104.0	(22-23)-108.0	(22-23)-116.0	(22-23)-117.0	(22-23)-118.0	(22-23)-119.0	(22-23)-141.0	(22-23)-153.0	(22-23)-165.0	(22-23)-136.0	(22-23)-200.0	(22-23)-212.0	(22-23)-215.0
4.0	0.03448275862068965	0.03448275862068965	0.03448275862068965	0.03448275862068965	0.03448275862068965	0.03448275862068965	0.03448275862068965	0.03448275862068965	0.03448275862068965	0.03448275862068965	0.03448275862068965	0.03448275862068965	0.03448275862068965	0.03448275862068965	0.03448275862068965	0.03448275862068965	0.03448275862068965	0.03448275862068965	0.03448275862068965	0.03448275862068965	0.03448275862068965	0.03448275862068965	0.03448275862068965	0.03448275862068965	0.03448275862068965	0.03448275862068965	0.03448275862068965	0.03448275862068965	0.03448275862068965
5.0	0.03448275862068965	0.03448275862068965	0.03448275862068965	0.03448275862068965	0.03448275862068965	0.03448275862068965	0.03448275862068965	0.03448275862068965	0.03448275862068965	0.03448275862068965	0.03448275862068965	0.03448275862068965	0.03448275862068965	0.03448275862068965	0.03448275862068965	0.03448275862068965	0.03448275862068965	0.03448275862068965	0.03448275862068965	0.03448275862068965	0.03448275862068965	0.03448275862068965	0.03448275862068965	0.03448275862068965	0.03448275862068965	0.03448275862068965	0.03448275862068965	0.03448275862068965	0.03448275862068965
9.0	0.03448275862068965	0.03448275862068965	0.03448275862068965	0.03448275862068965	0.03448275862068965	0.03448275862068965	0.03448275862068965	0.03448275862068965	0.03448275862068965	0.03448275862068965	0.03448275862068965	0.03448275862068965	0.03448275862068965	0.03448275862068965	0.03448275862068965	0.03448275862068965	0.03448275862068965	0.03448275862068965	0.03448275862068965	0.03448275862068965	0.03448275862068965	0.03448275862068965	0.03448275862068965	0.03448275862068965	0.03448275862068965	0.03448275862068965	0.03448275862068965	0.03448275862068965	0.03448275862068965
10.0	1.6805960065677719e-06	1.6805960065677719e-06	1.6805960065677719e-06	0.8402980032838859	1.6805960065677719e-06	1.6805960065677719e-06	1.6805960065677719e-06	0.15965662062393832	1.6805960065677719e-06	1.6805960065677719e-06	1.6805960065677719e-06	1.6805960065677719e-06	1.6805960065677719e-06	1.6805960065677719e-06	1.6805960065677719e-06	1.6805960065677719e-06	1.6805960065677719e-06	1.6805960065677719e-06	1.6805960065677719e-06	1.6805960065677719e-06	1.6805960065677719e-06	1.6805960065677719e-06	1.6805960065677719e-06	1.6805960065677719e-06	1.6805960065677719e-06	1.6805960065677719e-06	1.6805960065677719e-06	1.6805960065677719e-06	1.6805960065677719e-06
15.0	0.03448275862068965	0.03448275862068965	0.03448275862068965	0.03448275862068965	0.03448275862068965	0.03448275862068965	0.03448275862068965	0.03448275862068965	0.03448275862068965	0.03448275862068965	0.03448275862068965	0.03448275862068965	0.03448275862068965	0.03448275862068965	0.03448275862068965	0.03448275862068965	0.03448275862068965	0.03448275862068965	0.03448275862068965	0.03448275862068965	0.03448275862068965	0.03448275862068965	0.03448275862068965	0.03448275862068965	0.03448275862068965	0.03448275862068965	0.03448275862068965	0.03448275862068965	0.03448275862068965
24.0	0.03448275862068965	0.03448275862068965	0.03448275862068965	0.03448275862068965	0.03448275862068965	0.03448275862068965	0.03448275862068965	0.03448275862068965	0.03448275862068965	0.03448275862068965	0.03448275862068965	0.03448275862068965	0.03448275862068965	0.03448275862068965	0.03448275862068965	0.03448275862068965	0.03448275862068965	0.03448275862068965	0.03448275862068965	0.03448275862068965	0.03448275862068965	0.03448275862068965	0.03448275862068965	0.03448275862068965	0.03448275862068965	0.03448275862068965	0.03448275862068965	0.03448275862068965	0.03448275862068965
12.0	0.03448275862068965	0.03448275862068965	0.03448275862068965	0.03448275862068965	0.03448275862068965	0.03448275862068965	0.03448275862068965	0.03448275862068965	0.03448275862068965	0.03448275862068965	0.03448275862068965	0.03448275862068965	0.03448275862068965	0.03448275862068965	0.03448275862068965	0.03448275862068965	0.03448275862068965	0.03448275862068965	0.03448275862068965	0.03448275862068965	0.03448275862068965	0.03448275862068965	0.03448275862068965	0.03448275862068965	0.03448275862068965	0.03448275862068965	0.03448275862068965	0.03448275862068965	0.03448275862068965
13.0	0.03448275862068965	0.03448275862068965	0.03448275862068965	0.03448275862068965	0.03448275862068965	0.03448275862068965	0.03448275862068965	0.03448275862068965	0.03448275862068965	0.03448275862068965	0.03448275862068965	0.03448275862068965	0.03448275862068965	0.03448275862068965	0.03448275862068965	0.03448275862068965	0.03448275862068965	0.03448275862068965	0.03448275862068965	0.03448275862068965	0.03448275862068965	0.03448275862068965	0.03448275862068965	0.03448275862068965	0.03448275862068965	0.03448275862068965	0.03448275862068965	0.03448275862068965	0.03448275862068965
19.0	0.03448275862068965	0.03448275862068965	0.03448275862068965	0.03448275862068965	0.03448275862068965	0.03448275862068965	0.03448275862068965	0.03448275862068965	0.03448275862068965	0.03448275862068965	0.03448275862068965	0.03448275862068965	0.03448275862068965	0.03448275862068965	0.03448275862068965	0.03448275862068965	0.03448275862068965	0.03448275862068965	0.03448275862068965	0.03448275862068965	0.03448275862068965	0.03448275862068965	0.03448275862068965	0.03448275862068965	0.03448275862068965	0.03448275862068965	0.03448275862068965	0.03448275862068965	0.03448275862068965
34.0	0.03448275862068965	0.03448275862068965	0.03448275862068965	0.03448275862068965	0.03448275862068965	0.03448275862068965	0.03448275862068965	0.03448275862068965	0.03448275862068965	0.03448275862068965	0.03448275862068965	0.03448275862068965	0.03448275862068965	0.03448275862068965	0.03448275862068965	0.03448275862068965	0.03448275862068965	0.03448275862068965	0.03448275862068965	0.03448275862068965	0.03448275862068965	0.03448275862068965	0.03448275862068965	0.03448275862068965	0.03448275862068965	0.03448275862068965	0.03448275862068965	0.03448275862068965	0.03448275862068965
42.0	0.03448275862068965	0.03448275862068965	0.03448275862068965	0.03448275862068965	0.03448275862068965	0.03448275862068965	0.03448275862068965	0.03448275862068965	0.03448275862068965	0.03448275862068965	0.03448275862068965	0.03448275862068965	0.03448275862068965	0.03448275862068965	0.03448275862068965	0.03448275862068965	0.03448275862068965	0.03448275862068965	0.03448275862068965	0.03448275862068965	0.03448275862068965	0.03448275862068965	0.03448275862068965	0.03448275862068965	0.03448275862068965	0.03448275862068965	0.03448275862068965	0.03448275862068965	0.03448275862068965
56.0	0.03448275862068965	0.03448275862068965	0.03448275862068965	0.03448275862068965	0.03448275862068965	0.03448275862068965	0.03448275862068965	0.03448275862068965	0.03448275862068965	0.03448275862068965	0.03448275862068965	0.03448275862068965	0.03448275862068965	0.03448275862068965	0.03448275862068965	0.03448275862068965	0.03448275862068965	0.03448275862068965	0.03448275862068965	0.03448275862068965	0.03448275862068965	0.03448275862068965	0.03448275862068965	0.03448275862068965	0.03448275862068965	0.03448275862068965	0.03448275862068965	0.03448275862068965	0.03448275862068965
61.0	0.03448275862068965	0.03448275862068965	0.03448275862068965	0.03448275862068965	0.03448275862068965	0.03448275862068965	0.03448275862068965	0.03448275862068965	0.03448275862068965	0.03448275862068965	0.03448275862068965	0.03448275862068965	0.03448275862068965	0.03448275862068965	0.03448275862068965	0.03448275862068965	0.03448275862068965	0.03448275862068965	0.03448275862068965	0.03448275862068965	0.03448275862068965	0.03448275862068965	0.03448275862068965	0.03448275862068965	0.03448275862068965	0.03448275862068965	0.03448275862068965	0.03448275862068965	0.03448275862068965
101.0	0.03448275862068965	0.03448275862068965	0.03448275862068965	0.03448275862068965	0.03448275862068965	0.03448275862068965	0.03448275862068965	0.03448275862068965	0.03448275862068965	0.03448275862068965	0.03448275862068965	0.03448275862068965	0.03448275862068965	0.03448275862068965	0.03448275862068965	0.03448275862068965	0.03448275862068965	0.03448275862068965	0.03448275862068965	0.03448275862068965	0.03448275862068965	0.03448275862068965	0.03448275862068965	0.03448275862068965	0.03448275862068965	0.03448275862068965	0.03448275862068965	0.03448275862068965	0.03448275862068965
102.0	0.03448275862068965	0.03448275862068965	0.03448275862068965	0.03448275862068965	0.03448275862068965	0.03448275862068965	0.03448275862068965	0.03448275862068965	0.03448275862068965	0.03448275862068965	0.03448275862068965	0.03448275862068965	0.03448275862068965	0.03448275862068965	0.03448275862068965	0.03448275862068965	0.03448275862068965	0.03448275862068965	0.03448275862068965	0.03448275862068965	0.03448275862068965	0.03448275862068965	0.03448275862068965	0.03448275862068965	0.03448275862068965	0.03448275862068965	0.03448275862068965	0.03448275862068965	0.03448275862068965
103.0	0.03448275862068965	0.03448275862068965	0.03448275862068965	0.03448275862068965	0.03448275862068965	0.03448275862068965	0.03448275862068965	0.03448275862068965	0.03448275862068965	0.03448275862068965	0.03448275862068965	0.03448275862068965	0.03448275862068965	0.03448275862068965	0.03448275862068965	0.03448275862068965	0.03448275862068965	0.03448275862068965	0.03448275862068965	0.03448275862068965	0.03448275862068965	0.03448275862068965	0.03448275862068965	0.03448275862068965	0.03448275862068965	0.03448275862068965	0.03448275862068965	0.03448275862068965	0.03448275862068965
104.0	0.03448275862068965	0.03448275862068965	0.03448275862068965	0.03448275862068965	0.03448275862068965	0.03448275862068965	0.03448275862068965	0.03448275862068965	0.03448275862068965	0.03448275862068965	0.03448275862068965	0.03448275862068965	0.03448275862068965	0.03448275862068965	0.03448275862068965	0.03448275862068965	0.03448275862068965	0.03448275862068965	0.03448275862068965	0.03448275862068965	0.03448275862068965	0.03448275862068965	0.03448275862068965	0.03448275862068965	0.03448275862068965	0.03448275862068965	0.03448275862068965	0.03448275862068965	0.03448275862068965
108.0	0.03448275862068965	0.03448275862068965	0.03448275862068965	0.03448275862068965	0.03448275862068965	0.03448275862068965	0.03448275862068965	0.03448275862068965	0.03448275862068965	0.03448275862068965	0.03448275862068965	0.03448275862068965	0.03448275862068965	0.03448275862068965	0.03448275862068965	0.03448275862068965	0.03448275862068965	0.03448275862068965	0.03448275862068965	0.03448275862068965	0.03448275862068965	0.03448275862068965	0.03448275862068965	0.03448275862068965	0.03448275862068965	0.03448275862068965	0.03448275862068965	0.03448275862068965	0.03448275862068965
116.0	1.3927792113886338e-05	1.3927792113886338e-05	1.3927792113886338e-05	1.3927792113886338e-05	1.3927792113886338e-05	1.3927792113886338e-05	1.3927792113886338e-05	1.3927792113886338e-05	1.3927792113886338e-05	1.3927792113886338e-05	1.3927792113886338e-05	1.3927792113886338e-05	1.3927792113886338e-05	1.3927792113886338e-05	1.3927792113886338e-05	1.3927792113886338e-05	1.3927792113886338e-05	1.3927792113886338e-05	1.3927792113886338e-05	0.8820470745724217	0.1175768750405038	1.3927792113886338e-05	1.3927792113886338e-05	1.3927792113886338e-05	1.3927792113886338e-05	1.3927792113886338e-05	1.3927792113886338e-05	1.3927792113886338e-05	1.3927792113886338e-05
117.0	0.0005209388777205384	0.0005209388777205384	0.0005209388777205384	0.0005209388777205384	0.0005209388777205384	0.0005209388777205384	0.0005209388777205384	0.0005209388777205384	0.0005209388777205384	0.0005209388777205384	0.0005209388777205384	0.0005209388777205384	0.0005209388777205384	0.0005209388777205384	0.0005209388777205384	0.0005209388777205384	0.0005209388777205384	0.0005209388777205384	0.0005209388777205384	0.869967925793299	0.11596672450824674	0.0005209388777205384	0.0005209388777205384	0.0005209388777205384	0.0005209388777205384	0.0005209388777205384	0.0005209388777205384	0.0005209388777205384	0.0005209388777205384
118.0	0.03448275862068965	0.03448275862068965	0.03448275862068965	0.03448275862068965	0.03448275862068965	0.03448275862068965	0.03448275862068965	0.03448275862068965	0.03448275862068965	0.03448275862068965	0.03448275862068965	0.03448275862068965	0.03448275862068965	0.03448275862068965	0.03448275862068965	0.03448275862068965	0.03448275862068965	0.03448275862068965	0.03448275862068965	0.03448275862068965	0.03448275862068965	0.03448275862068965	0.03448275862068965	0.03448275862068965	0.03448275862068965	0.03448275862068965	0.03448275862068965	0.03448275862068965	0.03448275862068965
119.0	3.333022251256549e-06	3.333022251256549e-06	3.333022251256549e-06	3.333022251256549e-06	3.333022251256549e-06	3.333022251256549e-06	3.333022251256549e-06	3.333022251256549e-06	3.333022251256549e-06	3.333022251256549e-06	3.333022251256549e-06	3.333022251256549e-06	3.333022251256549e-06	3.333022251256549e-06	3.333022251256549e-06	3.333022251256549e-06	3.333022251256549e-06	3.333022251256549e-06	3.333022251256549e-06	3.333022251256549e-06	3.333022251256549e-06	0.9999066753769646	3.333022251256549e-06	3.333022251256549e-06	3.333022251256549e-06	3.333022251256549e-06	3.333022251256549e-06	3.333022251256549e-06	3.333022251256549e-06
141.0	0.03448275862068965	0.03448275862068965	0.03448275862068965	0.03448275862068965	0.03448275862068965	0.03448275862068965	0.03448275862068965	0.03448275862068965	0.03448275862068965	0.03448275862068965	0.03448275862068965	0.03448275862068965	0.03448275862068965	0.03448275862068965	0.03448275862068965	0.03448275862068965	0.03448275862068965	0.03448275862068965	0.03448275862068965	0.03448275862068965	0.03448275862068965	0.03448275862068965	0.03448275862068965	0.03448275862068965	0.03448275862068965	0.03448275862068965	0.03448275862068965	0.03448275862068965	0.03448275862068965
153.0	0.03448275862068965	0.03448275862068965	0.03448275862068965	0.03448275862068965	0.03448275862068965	0.03448275862068965	0.03448275862068965	0.03448275862068965	0.03448275862068965	0.03448275862068965	0.03448275862068965	0.03448275862068965	0.03448275862068965	0.03448275862068965	0.03448275862068965	0.03448275862068965	0.03448275862068965	0.03448275862068965	0.03448275862068965	0.03448275862068965	0.03448275862068965	0.03448275862068965	0.03448275862068965	0.03448275862068965	0.03448275862068965	0.03448275862068965	0.03448275862068965	0.03448275862068965	0.03448275862068965
165.0	0.03448275862068965	0.03448275862068965	0.03448275862068965	0.03448275862068965	0.03448275862068965	0.03448275862068965	0.03448275862068965	0.03448275862068965	0.03448275862068965	0.03448275862068965	0.03448275862068965	0.03448275862068965	0.03448275862068965	0.03448275862068965	0.03448275862068965	0.03448275862068965	0.03448275862068965	0.03448275862068965	0.03448275862068965	0.03448275862068965	0.03448275862068965	0.03448275862068965	0.03448275862068965	0.03448275862068965	0.03448275862068965	0.03448275862068965	0.03448275862068965	0.03448275862068965	0.03448275862068965
136.0	0.03448275862068965	0.03448275862068965	0.03448275862068965	0.03448275862068965	0.03448275862068965	0.03448275862068965	0.03448275862068965	0.03448275862068965	0.03448275862068965	0.03448275862068965	0.03448275862068965	0.03448275862068965	0.03448275862068965	0.03448275862068965	0.03448275862068965	0.03448275862068965	0.03448275862068965	0.03448275862068965	0.03448275862068965	0.03448275862068965	0.03448275862068965	0.03448275862068965	0.03448275862068965	0.03448275862068965	0.03448275862068965	0.03448275862068965	0.03448275862068965	0.03448275862068965	0.03448275862068965
200.0	0.03448275862068965	0.03448275862068965	0.03448275862068965	0.03448275862068965	0.03448275862068965	0.03448275862068965	0.03448275862068965	0.03448275862068965	0.03448275862068965	0.03448275862068965	0.03448275862068965	0.03448275862068965	0.03448275862068965	0.03448275862068965	0.03448275862068965	0.03448275862068965	0.03448275862068965	0.03448275862068965	0.03448275862068965	0.03448275862068965	0.03448275862068965	0.03448275862068965	0.03448275862068965	0.03448275862068965	0.03448275862068965	0.03448275862068965	0.03448275862068965	0.03448275862068965	0.03448275862068965
212.0	0.03448275862068965	0.03448275862068965	0.03448275862068965	0.03448275862068965	0.03448275862068965	0.03448275862068965	0.03448275862068965	0.03448275862068965	0.03448275862068965	0.03448275862068965	0.03448275862068965	0.03448275862068965	0.03448275862068965	0.03448275862068965	0.03448275862068965	0.03448275862068965	0.03448275862068965	0.03448275862068965	0.03448275862068965	0.03448275862068965	0.03448275862068965	0.03448275862068965	0.03448275862068965	0.03448275862068965	0.03448275862068965	0.03448275862068965	0.03448275862068965	0.03448275862068965	0.03448275862068965
215.0	0.03448275862068965	0.03448275862068965	0.03448275862068965	0.03448275862068965	0.03448275862068965	0.03448275862068965	0.03448275862068965	0.03448275862068965	0.03448275862068965	0.03448275862068965	0.03448275862068965	0.03448275862068965	0.03448275862068965	0.03448275862068965	0.03448275862068965	0.03448275862068965	0.03448275862068965	0.03448275862068965	0.03448275862068965	0.03448275862068965	0.03448275862068965	0.03448275862068965	0.03448275862068965	0.03448275862068965	0.03448275862068965	0.03448275862068965	0.03448275862068965	0.03448275862068965	0.03448275862068965
