	(11-12)-1.0	(11-12)-2.0	(11-12)-5.0	(11-12)-9.0	(11-12)-10.0	(11-12)-11.0	(11-12)-20.0	(11-12)-22.0	(11-12)-12.0	(11-12)-27.0	(11-12)-30.0	(11-12)-31.0	(11-12)-32.0	(11-12)-4.0	(11-12)-39.0	(11-12)-40.0	(11-12)-47.0	(11-12)-48.0	(11-12)-13.0	(11-12)-65.0	(11-12)-3.0	(11-12)-66.0	(11-12)-77.0
1.0	0.9997800483893529	9.99780048389353e-06	9.99780048389353e-06	9.99780048389353e-06	9.99780048389353e-06	9.99780048389353e-06	9.99780048389353e-06	9.99780048389353e-06	9.99780048389353e-06	9.99780048389353e-06	9.99780048389353e-06	9.99780048389353e-06	9.99780048389353e-06	9.99780048389353e-06	9.99780048389353e-06	9.99780048389353e-06	9.99780048389353e-06	9.99780048389353e-06	9.99780048389353e-06	9.99780048389353e-06	9.99780048389353e-06	9.99780048389353e-06	9.99780048389353e-06
2.0	2.3659490873797142e-06	0.9083540951354325	2.3659490873797142e-06	0.09159621993373412	2.3659490873797142e-06	2.3659490873797142e-06	2.3659490873797142e-06	2.3659490873797142e-06	2.3659490873797142e-06	2.3659490873797142e-06	2.3659490873797142e-06	2.3659490873797142e-06	2.3659490873797142e-06	2.3659490873797142e-06	2.3659490873797142e-06	2.3659490873797142e-06	2.3659490873797142e-06	2.3659490873797142e-06	2.3659490873797142e-06	2.3659490873797142e-06	2.3659490873797142e-06	2.3659490873797142e-06	2.3659490873797142e-06
5.0	0.043478260869565216	0.043478260869565216	0.043478260869565216	0.043478260869565216	0.043478260869565216	0.043478260869565216	0.043478260869565216	0.043478260869565216	0.043478260869565216	0.043478260869565216	0.043478260869565216	0.043478260869565216	0.043478260869565216	0.043478260869565216	0.043478260869565216	0.043478260869565216	0.043478260869565216	0.043478260869565216	0.043478260869565216	0.043478260869565216	0.043478260869565216	0.043478260869565216	0.043478260869565216
9.0	2.6498515135469745e-06	2.6498515135469745e-06	2.6498515135469745e-06	0.9999417032667016	2.6498515135469745e-06	2.6498515135469745e-06	2.6498515135469745e-06	2.6498515135469745e-06	2.6498515135469745e-06	2.6498515135469745e-06	2.6498515135469745e-06	2.6498515135469745e-06	2.6498515135469745e-06	2.6498515135469745e-06	2.6498515135469745e-06	2.6498515135469745e-06	2.6498515135469745e-06	2.6498515135469745e-06	2.6498515135469745e-06	2.6498515135469745e-06	2.6498515135469745e-06	2.6498515135469745e-06	2.6498515135469745e-06
10.0	0.043478260869565216	0.043478260869565216	0.043478260869565216	0.043478260869565216	0.043478260869565216	0.043478260869565216	0.043478260869565216	0.043478260869565216	0.043478260869565216	0.043478260869565216	0.043478260869565216	0.043478260869565216	0.043478260869565216	0.043478260869565216	0.043478260869565216	0.043478260869565216	0.043478260869565216	0.043478260869565216	0.043478260869565216	0.043478260869565216	0.043478260869565216	0.043478260869565216	0.043478260869565216
11.0	0.043478260869565216	0.043478260869565216	0.043478260869565216	0.043478260869565216	0.043478260869565216	0.043478260869565216	0.043478260869565216	0.043478260869565216	0.043478260869565216	0.043478260869565216	0.043478260869565216	0.043478260869565216	0.043478260869565216	0.043478260869565216	0.043478260869565216	0.043478260869565216	0.043478260869565216	0.043478260869565216	0.043478260869565216	0.043478260869565216	0.043478260869565216	0.043478260869565216	0.043478260869565216
20.0	0.043478260869565216	0.043478260869565216	0.043478260869565216	0.043478260869565216	0.043478260869565216	0.043478260869565216	0.043478260869565216	0.043478260869565216	0.043478260869565216	0.043478260869565216	0.043478260869565216	0.043478260869565216	0.043478260869565216	0.043478260869565216	0.043478260869565216	0.043478260869565216	0.043478260869565216	0.043478260869565216	0.043478260869565216	0.043478260869565216	0.043478260869565216	0.043478260869565216	0.043478260869565216
22.0	0.043478260869565216	0.043478260869565216	0.043478260869565216	0.043478260869565216	0.043478260869565216	0.043478260869565216	0.043478260869565216	0.043478260869565216	0.043478260869565216	0.043478260869565216	0.043478260869565216	0.043478260869565216	0.043478260869565216	0.043478260869565216	0.043478260869565216	0.043478260869565216	0.043478260869565216	0.043478260869565216	0.043478260869565216	0.043478260869565216	0.043478260869565216	0.043478260869565216	0.043478260869565216
12.0	0.043478260869565216	0.043478260869565216	0.043478260869565216	0.043478260869565216	0.043478260869565216	0.043478260869565216	0.043478260869565216	0.043478260869565216	0.043478260869565216	0.043478260869565216	0.043478260869565216	0.043478260869565216	0.043478260869565216	0.043478260869565216	0.043478260869565216	0.043478260869565216	0.043478260869565216	0.043478260869565216	0.043478260869565216	0.043478260869565216	0.043478260869565216	0.043478260869565216	0.043478260869565216
27.0	0.043478260869565216	0.043478260869565216	0.043478260869565216	0.043478260869565216	0.043478260869565216	0.043478260869565216	0.043478260869565216	0.043478260869565216	0.043478260869565216	0.043478260869565216	0.043478260869565216	0.043478260869565216	0.043478260869565216	0.043478260869565216	0.043478260869565216	0.043478260869565216	0.043478260869565216	0.043478260869565216	0.043478260869565216	0.043478260869565216	0.043478260869565216	0.043478260869565216	0.043478260869565216
30.0	0.043478260869565216	0.043478260869565216	0.043478260869565216	0.043478260869565216	0.043478260869565216	0.043478260869565216	0.043478260869565216	0.043478260869565216	0.043478260869565216	0.043478260869565216	0.043478260869565216	0.043478260869565216	0.043478260869565216	0.043478260869565216	0.043478260869565216	0.043478260869565216	0.043478260869565216	0.043478260869565216	0.043478260869565216	0.043478260869565216	0.043478260869565216	0.043478260869565216	0.043478260869565216
31.0	2.284748990741158e-05	2.284748990741158e-05	2.284748990741158e-05	2.284748990741158e-05	2.284748990741158e-05	2.284748990741158e-05	2.284748990741158e-05	2.284748990741158e-05	2.284748990741158e-05	2.284748990741158e-05	2.284748990741158e-05	2.284748990741158e-05	0.9994973552220366	2.284748990741158e-05	2.284748990741158e-05	2.284748990741158e-05	2.284748990741158e-05	2.284748990741158e-05	2.284748990741158e-05	2.284748990741158e-05	2.284748990741158e-05	2.284748990741158e-05	2.284748990741158e-05
32.0	1.7769717167212147e-05	1.7769717167212147e-05	1.7769717167212147e-05	1.7769717167212147e-05	1.7769717167212147e-05	1.7769717167212147e-05	1.7769717167212147e-05	1.7769717167212147e-05	1.7769717167212147e-05	1.7769717167212147e-05	1.7769717167212147e-05	1.7769717167212147e-05	0.9996090662223222	1.7769717167212147e-05	1.7769717167212147e-05	1.7769717167212147e-05	1.7769717167212147e-05	1.7769717167212147e-05	1.7769717167212147e-05	1.7769717167212147e-05	1.7769717167212147e-05	1.7769717167212147e-05	1.7769717167212147e-05
4.0	9.997900440907408e-06	9.997900440907408e-06	9.997900440907408e-06	9.997900440907408e-06	0.9825184047648738	9.997900440907408e-06	9.997900440907408e-06	9.997900440907408e-06	9.997900440907408e-06	9.997900440907408e-06	9.997900440907408e-06	9.997900440907408e-06	9.997900440907408e-06	0.01727163932586673	9.997900440907408e-06	9.997900440907408e-06	9.997900440907408e-06	9.997900440907408e-06	9.997900440907408e-06	9.997900440907408e-06	9.997900440907408e-06	9.997900440907408e-06	9.997900440907408e-06
39.0	0.043478260869565216	0.043478260869565216	0.043478260869565216	0.043478260869565216	0.043478260869565216	0.043478260869565216	0.043478260869565216	0.043478260869565216	0.043478260869565216	0.043478260869565216	0.043478260869565216	0.043478260869565216	0.043478260869565216	0.043478260869565216	0.043478260869565216	0.043478260869565216	0.043478260869565216	0.043478260869565216	0.043478260869565216	0.043478260869565216	0.043478260869565216	0.043478260869565216	0.043478260869565216
40.0	0.043478260869565216	0.043478260869565216	0.043478260869565216	0.043478260869565216	0.043478260869565216	0.043478260869565216	0.043478260869565216	0.043478260869565216	0.043478260869565216	0.043478260869565216	0.043478260869565216	0.043478260869565216	0.043478260869565216	0.043478260869565216	0.043478260869565216	0.043478260869565216	0.043478260869565216	0.043478260869565216	0.043478260869565216	0.043478260869565216	0.043478260869565216	0.043478260869565216	0.043478260869565216
47.0	0.043478260869565216	0.043478260869565216	0.043478260869565216	0.043478260869565216	0.043478260869565216	0.043478260869565216	0.043478260869565216	0.043478260869565216	0.043478260869565216	0.043478260869565216	0.043478260869565216	0.043478260869565216	0.043478260869565216	0.043478260869565216	0.043478260869565216	0.043478260869565216	0.043478260869565216	0.043478260869565216	0.043478260869565216	0.043478260869565216	0.043478260869565216	0.043478260869565216	0.043478260869565216
48.0	0.043478260869565216	0.043478260869565216	0.043478260869565216	0.043478260869565216	0.043478260869565216	0.043478260869565216	0.043478260869565216	0.043478260869565216	0.043478260869565216	0.043478260869565216	0.043478260869565216	0.043478260869565216	0.043478260869565216	0.043478260869565216	0.043478260869565216	0.043478260869565216	0.043478260869565216	0.043478260869565216	0.043478260869565216	0.043478260869565216	0.043478260869565216	0.043478260869565216	0.043478260869565216
13.0	0.043478260869565216	0.043478260869565216	0.043478260869565216	0.043478260869565216	0.043478260869565216	0.043478260869565216	0.043478260869565216	0.043478260869565216	0.043478260869565216	0.043478260869565216	0.043478260869565216	0.043478260869565216	0.043478260869565216	0.043478260869565216	0.043478260869565216	0.043478260869565216	0.043478260869565216	0.043478260869565216	0.043478260869565216	0.043478260869565216	0.043478260869565216	0.043478260869565216	0.043478260869565216
65.0	0.043478260869565216	0.043478260869565216	0.043478260869565216	0.043478260869565216	0.043478260869565216	0.043478260869565216	0.043478260869565216	0.043478260869565216	0.043478260869565216	0.043478260869565216	0.043478260869565216	0.043478260869565216	0.043478260869565216	0.043478260869565216	0.043478260869565216	0.043478260869565216	0.043478260869565216	0.043478260869565216	0.043478260869565216	0.043478260869565216	0.043478260869565216	0.043478260869565216	0.043478260869565216
3.0	0.043478260869565216	0.043478260869565216	0.043478260869565216	0.043478260869565216	0.043478260869565216	0.043478260869565216	0.043478260869565216	0.043478260869565216	0.043478260869565216	0.043478260869565216	0.043478260869565216	0.043478260869565216	0.043478260869565216	0.043478260869565216	0.043478260869565216	0.043478260869565216	0.043478260869565216	0.043478260869565216	0.043478260869565216	0.043478260869565216	0.043478260869565216	0.043478260869565216	0.043478260869565216
66.0	0.043478260869565216	0.043478260869565216	0.043478260869565216	0.043478260869565216	0.043478260869565216	0.043478260869565216	0.043478260869565216	0.043478260869565216	0.043478260869565216	0.043478260869565216	0.043478260869565216	0.043478260869565216	0.043478260869565216	0.043478260869565216	0.043478260869565216	0.043478260869565216	0.043478260869565216	0.043478260869565216	0.043478260869565216	0.043478260869565216	0.043478260869565216	0.043478260869565216	0.043478260869565216
77.0	0.043478260869565216	0.043478260869565216	0.043478260869565216	0.043478260869565216	0.043478260869565216	0.043478260869565216	0.043478260869565216	0.043478260869565216	0.043478260869565216	0.043478260869565216	0.043478260869565216	0.043478260869565216	0.043478260869565216	0.043478260869565216	0.043478260869565216	0.043478260869565216	0.043478260869565216	0.043478260869565216	0.043478260869565216	0.043478260869565216	0.043478260869565216	0.043478260869565216	0.043478260869565216
