	(22-23)-15.0	(22-23)-18.0	(22-23)-19.0	(22-23)-20.0	(22-23)-21.0	(22-23)-24.0	(22-23)-25.0	(22-23)-27.0	(22-23)-30.0	(22-23)-31.0	(22-23)-33.0	(22-23)-34.0	(22-23)-37.0	(22-23)-41.0	(22-23)-49.0	(22-23)-50.0	(22-23)-61.0	(22-23)-63.0	(22-23)-36.0	(22-23)-72.0	(22-23)-74.0	(22-23)-78.0
15.0	0.045454545454545456	0.045454545454545456	0.045454545454545456	0.045454545454545456	0.045454545454545456	0.045454545454545456	0.045454545454545456	0.045454545454545456	0.045454545454545456	0.045454545454545456	0.045454545454545456	0.045454545454545456	0.045454545454545456	0.045454545454545456	0.045454545454545456	0.045454545454545456	0.045454545454545456	0.045454545454545456	0.045454545454545456	0.045454545454545456	0.045454545454545456	0.045454545454545456
18.0	0.045454545454545456	0.045454545454545456	0.045454545454545456	0.045454545454545456	0.045454545454545456	0.045454545454545456	0.045454545454545456	0.045454545454545456	0.045454545454545456	0.045454545454545456	0.045454545454545456	0.045454545454545456	0.045454545454545456	0.045454545454545456	0.045454545454545456	0.045454545454545456	0.045454545454545456	0.045454545454545456	0.045454545454545456	0.045454545454545456	0.045454545454545456	0.045454545454545456
19.0	0.045454545454545456	0.045454545454545456	0.045454545454545456	0.045454545454545456	0.045454545454545456	0.045454545454545456	0.045454545454545456	0.045454545454545456	0.045454545454545456	0.045454545454545456	0.045454545454545456	0.045454545454545456	0.045454545454545456	0.045454545454545456	0.045454545454545456	0.045454545454545456	0.045454545454545456	0.045454545454545456	0.045454545454545456	0.045454545454545456	0.045454545454545456	0.045454545454545456
20.0	9.997900440907398e-06	9.997900440907398e-06	9.997900440907398e-06	0.9997900440907398	9.997900440907398e-06	9.997900440907398e-06	9.997900440907398e-06	9.997900440907398e-06	9.997900440907398e-06	9.997900440907398e-06	9.997900440907398e-06	9.997900440907398e-06	9.997900440907398e-06	9.997900440907398e-06	9.997900440907398e-06	9.997900440907398e-06	9.997900440907398e-06	9.997900440907398e-06	9.997900440907398e-06	9.997900440907398e-06	9.997900440907398e-06	9.997900440907398e-06
21.0	1.5665387326701668e-06	1.5665387326701668e-06	1.5665387326701668e-06	1.5665387326701668e-06	0.9399232396021	1.5665387326701668e-06	1.5665387326701668e-06	1.5665387326701668e-06	0.060045429623247486	1.5665387326701668e-06	1.5665387326701668e-06	1.5665387326701668e-06	1.5665387326701668e-06	1.5665387326701668e-06	1.5665387326701668e-06	1.5665387326701668e-06	1.5665387326701668e-06	1.5665387326701668e-06	1.5665387326701668e-06	1.5665387326701668e-06	1.5665387326701668e-06	1.5665387326701668e-06
24.0	0.045454545454545456	0.045454545454545456	0.045454545454545456	0.045454545454545456	0.045454545454545456	0.045454545454545456	0.045454545454545456	0.045454545454545456	0.045454545454545456	0.045454545454545456	0.045454545454545456	0.045454545454545456	0.045454545454545456	0.045454545454545456	0.045454545454545456	0.045454545454545456	0.045454545454545456	0.045454545454545456	0.045454545454545456	0.045454545454545456	0.045454545454545456	0.045454545454545456
25.0	0.045454545454545456	0.045454545454545456	0.045454545454545456	0.045454545454545456	0.045454545454545456	0.045454545454545456	0.045454545454545456	0.045454545454545456	0.045454545454545456	0.045454545454545456	0.045454545454545456	0.045454545454545456	0.045454545454545456	0.045454545454545456	0.045454545454545456	0.045454545454545456	0.045454545454545456	0.045454545454545456	0.045454545454545456	0.045454545454545456	0.045454545454545456	0.045454545454545456
27.0	0.045454545454545456	0.045454545454545456	0.045454545454545456	0.045454545454545456	0.045454545454545456	0.045454545454545456	0.045454545454545456	0.045454545454545456	0.045454545454545456	0.045454545454545456	0.045454545454545456	0.045454545454545456	0.045454545454545456	0.045454545454545456	0.045454545454545456	0.045454545454545456	0.045454545454545456	0.045454545454545456	0.045454545454545456	0.045454545454545456	0.045454545454545456	0.045454545454545456
30.0	0.045454545454545456	0.045454545454545456	0.045454545454545456	0.045454545454545456	0.045454545454545456	0.045454545454545456	0.045454545454545456	0.045454545454545456	0.045454545454545456	0.045454545454545456	0.045454545454545456	0.045454545454545456	0.045454545454545456	0.045454545454545456	0.045454545454545456	0.045454545454545456	0.045454545454545456	0.045454545454545456	0.045454545454545456	0.045454545454545456	0.045454545454545456	0.045454545454545456
31.0	0.045454545454545456	0.045454545454545456	0.045454545454545456	0.045454545454545456	0.045454545454545456	0.045454545454545456	0.045454545454545456	0.045454545454545456	0.045454545454545456	0.045454545454545456	0.045454545454545456	0.045454545454545456	0.045454545454545456	0.045454545454545456	0.045454545454545456	0.045454545454545456	0.045454545454545456	0.045454545454545456	0.045454545454545456	0.045454545454545456	0.045454545454545456	0.045454545454545456
33.0	8.545219163508492e-06	8.545219163508492e-06	8.545219163508492e-06	8.545219163508492e-06	8.545219163508492e-06	8.545219163508492e-06	8.545219163508492e-06	8.545219163508492e-06	8.545219163508492e-06	8.545219163508492e-06	0.740614144901281	0.2592149507154483	8.545219163508492e-06	8.545219163508492e-06	8.545219163508492e-06	8.545219163508492e-06	8.545219163508492e-06	8.545219163508492e-06	8.545219163508492e-06	8.545219163508492e-06	8.545219163508492e-06	8.545219163508492e-06
34.0	0.045454545454545456	0.045454545454545456	0.045454545454545456	0.045454545454545456	0.045454545454545456	0.045454545454545456	0.045454545454545456	0.045454545454545456	0.045454545454545456	0.045454545454545456	0.045454545454545456	0.045454545454545456	0.045454545454545456	0.045454545454545456	0.045454545454545456	0.045454545454545456	0.045454545454545456	0.045454545454545456	0.045454545454545456	0.045454545454545456	0.045454545454545456	0.045454545454545456
37.0	9.997900440907405e-06	9.997900440907405e-06	9.997900440907405e-06	9.997900440907405e-06	9.997900440907405e-06	9.997900440907405e-06	9.997900440907405e-06	9.997900440907405e-06	9.997900440907405e-06	9.997900440907405e-06	9.997900440907405e-06	9.997900440907405e-06	0.9997900440907405	9.997900440907405e-06	9.997900440907405e-06	9.997900440907405e-06	9.997900440907405e-06	9.997900440907405e-06	9.997900440907405e-06	9.997900440907405e-06	9.997900440907405e-06	9.997900440907405e-06
41.0	0.045454545454545456	0.045454545454545456	0.045454545454545456	0.045454545454545456	0.045454545454545456	0.045454545454545456	0.045454545454545456	0.045454545454545456	0.045454545454545456	0.045454545454545456	0.045454545454545456	0.045454545454545456	0.045454545454545456	0.045454545454545456	0.045454545454545456	0.045454545454545456	0.045454545454545456	0.045454545454545456	0.045454545454545456	0.045454545454545456	0.045454545454545456	0.045454545454545456
49.0	1.2763078965169564e-05	1.2763078965169564e-05	1.2763078965169564e-05	1.2763078965169564e-05	1.2763078965169564e-05	1.2763078965169564e-05	1.2763078965169564e-05	1.2763078965169564e-05	1.2763078965169564e-05	1.2763078965169564e-05	1.2763078965169564e-05	1.2763078965169564e-05	1.2763078965169564e-05	1.2763078965169564e-05	0.9997319753417319	1.2763078965169564e-05	1.2763078965169564e-05	1.2763078965169564e-05	1.2763078965169564e-05	1.2763078965169564e-05	1.2763078965169564e-05	1.2763078965169564e-05
50.0	0.045454545454545456	0.045454545454545456	0.045454545454545456	0.045454545454545456	0.045454545454545456	0.045454545454545456	0.045454545454545456	0.045454545454545456	0.045454545454545456	0.045454545454545456	0.045454545454545456	0.045454545454545456	0.045454545454545456	0.045454545454545456	0.045454545454545456	0.045454545454545456	0.045454545454545456	0.045454545454545456	0.045454545454545456	0.045454545454545456	0.045454545454545456	0.045454545454545456
61.0	9.86616546546102e-06	9.86616546546102e-06	9.86616546546102e-06	9.86616546546102e-06	9.86616546546102e-06	9.86616546546102e-06	9.86616546546102e-06	9.86616546546102e-06	0.06251695747189373	9.86616546546102e-06	9.86616546546102e-06	9.86616546546102e-06	9.86616546546102e-06	9.86616546546102e-06	9.86616546546102e-06	9.86616546546102e-06	0.9372857192187968	9.86616546546102e-06	9.86616546546102e-06	9.86616546546102e-06	9.86616546546102e-06	9.86616546546102e-06
63.0	0.045454545454545456	0.045454545454545456	0.045454545454545456	0.045454545454545456	0.045454545454545456	0.045454545454545456	0.045454545454545456	0.045454545454545456	0.045454545454545456	0.045454545454545456	0.045454545454545456	0.045454545454545456	0.045454545454545456	0.045454545454545456	0.045454545454545456	0.045454545454545456	0.045454545454545456	0.045454545454545456	0.045454545454545456	0.045454545454545456	0.045454545454545456	0.045454545454545456
36.0	0.045454545454545456	0.045454545454545456	0.045454545454545456	0.045454545454545456	0.045454545454545456	0.045454545454545456	0.045454545454545456	0.045454545454545456	0.045454545454545456	0.045454545454545456	0.045454545454545456	0.045454545454545456	0.045454545454545456	0.045454545454545456	0.045454545454545456	0.045454545454545456	0.045454545454545456	0.045454545454545456	0.045454545454545456	0.045454545454545456	0.045454545454545456	0.045454545454545456
72.0	0.045454545454545456	0.045454545454545456	0.045454545454545456	0.045454545454545456	0.045454545454545456	0.045454545454545456	0.045454545454545456	0.045454545454545456	0.045454545454545456	0.045454545454545456	0.045454545454545456	0.045454545454545456	0.045454545454545456	0.045454545454545456	0.045454545454545456	0.045454545454545456	0.045454545454545456	0.045454545454545456	0.045454545454545456	0.045454545454545456	0.045454545454545456	0.045454545454545456
74.0	0.045454545454545456	0.045454545454545456	0.045454545454545456	0.045454545454545456	0.045454545454545456	0.045454545454545456	0.045454545454545456	0.045454545454545456	0.045454545454545456	0.045454545454545456	0.045454545454545456	0.045454545454545456	0.045454545454545456	0.045454545454545456	0.045454545454545456	0.045454545454545456	0.045454545454545456	0.045454545454545456	0.045454545454545456	0.045454545454545456	0.045454545454545456	0.045454545454545456
78.0	0.045454545454545456	0.045454545454545456	0.045454545454545456	0.045454545454545456	0.045454545454545456	0.045454545454545456	0.045454545454545456	0.045454545454545456	0.045454545454545456	0.045454545454545456	0.045454545454545456	0.045454545454545456	0.045454545454545456	0.045454545454545456	0.045454545454545456	0.045454545454545456	0.045454545454545456	0.045454545454545456	0.045454545454545456	0.045454545454545456	0.045454545454545456	0.045454545454545456
