	(23-24)-1.0	(23-24)-2.0	(23-24)-3.0	(23-24)-4.0	(23-24)-5.0	(23-24)-6.0	(23-24)-7.0	(23-24)-8.0	(23-24)-9.0	(23-24)-10.0	(23-24)-11.0	(23-24)-12.0	(23-24)-13.0	(23-24)-14.0	(23-24)-15.0	(23-24)-16.0	(23-24)-17.0	(23-24)-18.0	(23-24)-19.0
1.0	0.052631578947368425	0.052631578947368425	0.052631578947368425	0.052631578947368425	0.052631578947368425	0.052631578947368425	0.052631578947368425	0.052631578947368425	0.052631578947368425	0.052631578947368425	0.052631578947368425	0.052631578947368425	0.052631578947368425	0.052631578947368425	0.052631578947368425	0.052631578947368425	0.052631578947368425	0.052631578947368425	0.052631578947368425
2.0	0.052631578947368425	0.052631578947368425	0.052631578947368425	0.052631578947368425	0.052631578947368425	0.052631578947368425	0.052631578947368425	0.052631578947368425	0.052631578947368425	0.052631578947368425	0.052631578947368425	0.052631578947368425	0.052631578947368425	0.052631578947368425	0.052631578947368425	0.052631578947368425	0.052631578947368425	0.052631578947368425	0.052631578947368425
3.0	0.052631578947368425	0.052631578947368425	0.052631578947368425	0.052631578947368425	0.052631578947368425	0.052631578947368425	0.052631578947368425	0.052631578947368425	0.052631578947368425	0.052631578947368425	0.052631578947368425	0.052631578947368425	0.052631578947368425	0.052631578947368425	0.052631578947368425	0.052631578947368425	0.052631578947368425	0.052631578947368425	0.052631578947368425
4.0	0.052631578947368425	0.052631578947368425	0.052631578947368425	0.052631578947368425	0.052631578947368425	0.052631578947368425	0.052631578947368425	0.052631578947368425	0.052631578947368425	0.052631578947368425	0.052631578947368425	0.052631578947368425	0.052631578947368425	0.052631578947368425	0.052631578947368425	0.052631578947368425	0.052631578947368425	0.052631578947368425	0.052631578947368425
5.0	0.052631578947368425	0.052631578947368425	0.052631578947368425	0.052631578947368425	0.052631578947368425	0.052631578947368425	0.052631578947368425	0.052631578947368425	0.052631578947368425	0.052631578947368425	0.052631578947368425	0.052631578947368425	0.052631578947368425	0.052631578947368425	0.052631578947368425	0.052631578947368425	0.052631578947368425	0.052631578947368425	0.052631578947368425
6.0	0.052631578947368425	0.052631578947368425	0.052631578947368425	0.052631578947368425	0.052631578947368425	0.052631578947368425	0.052631578947368425	0.052631578947368425	0.052631578947368425	0.052631578947368425	0.052631578947368425	0.052631578947368425	0.052631578947368425	0.052631578947368425	0.052631578947368425	0.052631578947368425	0.052631578947368425	0.052631578947368425	0.052631578947368425
7.0	1.1248425220469141e-05	1.1248425220469141e-05	1.1248425220469141e-05	1.1248425220469141e-05	1.1248425220469141e-05	1.1248425220469141e-05	1.1248425220469141e-05	0.9997975283460321	1.1248425220469141e-05	1.1248425220469141e-05	1.1248425220469141e-05	1.1248425220469141e-05	1.1248425220469141e-05	1.1248425220469141e-05	1.1248425220469141e-05	1.1248425220469141e-05	1.1248425220469141e-05	1.1248425220469141e-05	1.1248425220469141e-05
8.0	8.980960364028265e-05	8.980960364028265e-05	8.980960364028265e-05	8.980960364028265e-05	8.980960364028265e-05	8.980960364028265e-05	8.980960364028265e-05	0.9983834271344753	8.980960364028265e-05	8.980960364028265e-05	8.980960364028265e-05	8.980960364028265e-05	8.980960364028265e-05	8.980960364028265e-05	8.980960364028265e-05	8.980960364028265e-05	8.980960364028265e-05	8.980960364028265e-05	8.980960364028265e-05
9.0	0.052631578947368425	0.052631578947368425	0.052631578947368425	0.052631578947368425	0.052631578947368425	0.052631578947368425	0.052631578947368425	0.052631578947368425	0.052631578947368425	0.052631578947368425	0.052631578947368425	0.052631578947368425	0.052631578947368425	0.052631578947368425	0.052631578947368425	0.052631578947368425	0.052631578947368425	0.052631578947368425	0.052631578947368425
10.0	0.052631578947368425	0.052631578947368425	0.052631578947368425	0.052631578947368425	0.052631578947368425	0.052631578947368425	0.052631578947368425	0.052631578947368425	0.052631578947368425	0.052631578947368425	0.052631578947368425	0.052631578947368425	0.052631578947368425	0.052631578947368425	0.052631578947368425	0.052631578947368425	0.052631578947368425	0.052631578947368425	0.052631578947368425
11.0	0.052631578947368425	0.052631578947368425	0.052631578947368425	0.052631578947368425	0.052631578947368425	0.052631578947368425	0.052631578947368425	0.052631578947368425	0.052631578947368425	0.052631578947368425	0.052631578947368425	0.052631578947368425	0.052631578947368425	0.052631578947368425	0.052631578947368425	0.052631578947368425	0.052631578947368425	0.052631578947368425	0.052631578947368425
12.0	0.052631578947368425	0.052631578947368425	0.052631578947368425	0.052631578947368425	0.052631578947368425	0.052631578947368425	0.052631578947368425	0.052631578947368425	0.052631578947368425	0.052631578947368425	0.052631578947368425	0.052631578947368425	0.052631578947368425	0.052631578947368425	0.052631578947368425	0.052631578947368425	0.052631578947368425	0.052631578947368425	0.052631578947368425
13.0	0.052631578947368425	0.052631578947368425	0.052631578947368425	0.052631578947368425	0.052631578947368425	0.052631578947368425	0.052631578947368425	0.052631578947368425	0.052631578947368425	0.052631578947368425	0.052631578947368425	0.052631578947368425	0.052631578947368425	0.052631578947368425	0.052631578947368425	0.052631578947368425	0.052631578947368425	0.052631578947368425	0.052631578947368425
14.0	6.104618009338341e-05	6.104618009338341e-05	6.104618009338341e-05	6.104618009338341e-05	6.104618009338341e-05	6.104618009338341e-05	6.104618009338341e-05	6.104618009338341e-05	6.104618009338341e-05	6.104618009338341e-05	6.104618009338341e-05	6.104618009338341e-05	6.104618009338341e-05	0.9989011687583188	6.104618009338341e-05	6.104618009338341e-05	6.104618009338341e-05	6.104618009338341e-05	6.104618009338341e-05
15.0	0.052631578947368425	0.052631578947368425	0.052631578947368425	0.052631578947368425	0.052631578947368425	0.052631578947368425	0.052631578947368425	0.052631578947368425	0.052631578947368425	0.052631578947368425	0.052631578947368425	0.052631578947368425	0.052631578947368425	0.052631578947368425	0.052631578947368425	0.052631578947368425	0.052631578947368425	0.052631578947368425	0.052631578947368425
16.0	9.998200323941688e-06	9.998200323941688e-06	9.998200323941688e-06	9.998200323941688e-06	9.998200323941688e-06	9.998200323941688e-06	9.998200323941688e-06	9.998200323941688e-06	9.998200323941688e-06	9.998200323941688e-06	9.998200323941688e-06	9.998200323941688e-06	9.998200323941688e-06	9.998200323941688e-06	9.998200323941688e-06	0.9998200323941687	9.998200323941688e-06	9.998200323941688e-06	9.998200323941688e-06
17.0	1.1953864015539659e-05	1.1953864015539659e-05	1.1953864015539659e-05	1.1953864015539659e-05	1.1953864015539659e-05	1.1953864015539659e-05	1.1953864015539659e-05	1.1953864015539659e-05	1.1953864015539659e-05	1.1953864015539659e-05	1.1953864015539659e-05	1.1953864015539659e-05	1.1953864015539659e-05	0.9997848304477206	1.1953864015539659e-05	1.1953864015539659e-05	1.1953864015539659e-05	1.1953864015539659e-05	1.1953864015539659e-05
18.0	0.052631578947368425	0.052631578947368425	0.052631578947368425	0.052631578947368425	0.052631578947368425	0.052631578947368425	0.052631578947368425	0.052631578947368425	0.052631578947368425	0.052631578947368425	0.052631578947368425	0.052631578947368425	0.052631578947368425	0.052631578947368425	0.052631578947368425	0.052631578947368425	0.052631578947368425	0.052631578947368425	0.052631578947368425
19.0	0.052631578947368425	0.052631578947368425	0.052631578947368425	0.052631578947368425	0.052631578947368425	0.052631578947368425	0.052631578947368425	0.052631578947368425	0.052631578947368425	0.052631578947368425	0.052631578947368425	0.052631578947368425	0.052631578947368425	0.052631578947368425	0.052631578947368425	0.052631578947368425	0.052631578947368425	0.052631578947368425	0.052631578947368425
