	(3-4)-1.0	(3-4)-2.0	(3-4)-3.0	(3-4)-4.0	(3-4)-5.0	(3-4)-6.0	(3-4)-7.0	(3-4)-8.0	(3-4)-9.0	(3-4)-10.0	(3-4)-11.0	(3-4)-12.0	(3-4)-13.0	(3-4)-14.0	(3-4)-15.0	(3-4)-16.0	(3-4)-17.0	(3-4)-18.0	(3-4)-19.0
1.0	0.052631578947368425	0.052631578947368425	0.052631578947368425	0.052631578947368425	0.052631578947368425	0.052631578947368425	0.052631578947368425	0.052631578947368425	0.052631578947368425	0.052631578947368425	0.052631578947368425	0.052631578947368425	0.052631578947368425	0.052631578947368425	0.052631578947368425	0.052631578947368425	0.052631578947368425	0.052631578947368425	0.052631578947368425
2.0	0.052631578947368425	0.052631578947368425	0.052631578947368425	0.052631578947368425	0.052631578947368425	0.052631578947368425	0.052631578947368425	0.052631578947368425	0.052631578947368425	0.052631578947368425	0.052631578947368425	0.052631578947368425	0.052631578947368425	0.052631578947368425	0.052631578947368425	0.052631578947368425	0.052631578947368425	0.052631578947368425	0.052631578947368425
3.0	0.052631578947368425	0.052631578947368425	0.052631578947368425	0.052631578947368425	0.052631578947368425	0.052631578947368425	0.052631578947368425	0.052631578947368425	0.052631578947368425	0.052631578947368425	0.052631578947368425	0.052631578947368425	0.052631578947368425	0.052631578947368425	0.052631578947368425	0.052631578947368425	0.052631578947368425	0.052631578947368425	0.052631578947368425
4.0	0.052631578947368425	0.052631578947368425	0.052631578947368425	0.052631578947368425	0.052631578947368425	0.052631578947368425	0.052631578947368425	0.052631578947368425	0.052631578947368425	0.052631578947368425	0.052631578947368425	0.052631578947368425	0.052631578947368425	0.052631578947368425	0.052631578947368425	0.052631578947368425	0.052631578947368425	0.052631578947368425	0.052631578947368425
5.0	0.052631578947368425	0.052631578947368425	0.052631578947368425	0.052631578947368425	0.052631578947368425	0.052631578947368425	0.052631578947368425	0.052631578947368425	0.052631578947368425	0.052631578947368425	0.052631578947368425	0.052631578947368425	0.052631578947368425	0.052631578947368425	0.052631578947368425	0.052631578947368425	0.052631578947368425	0.052631578947368425	0.052631578947368425
6.0	0.052631578947368425	0.052631578947368425	0.052631578947368425	0.052631578947368425	0.052631578947368425	0.052631578947368425	0.052631578947368425	0.052631578947368425	0.052631578947368425	0.052631578947368425	0.052631578947368425	0.052631578947368425	0.052631578947368425	0.052631578947368425	0.052631578947368425	0.052631578947368425	0.052631578947368425	0.052631578947368425	0.052631578947368425
7.0	0.052631578947368425	0.052631578947368425	0.052631578947368425	0.052631578947368425	0.052631578947368425	0.052631578947368425	0.052631578947368425	0.052631578947368425	0.052631578947368425	0.052631578947368425	0.052631578947368425	0.052631578947368425	0.052631578947368425	0.052631578947368425	0.052631578947368425	0.052631578947368425	0.052631578947368425	0.052631578947368425	0.052631578947368425
8.0	0.052631578947368425	0.052631578947368425	0.052631578947368425	0.052631578947368425	0.052631578947368425	0.052631578947368425	0.052631578947368425	0.052631578947368425	0.052631578947368425	0.052631578947368425	0.052631578947368425	0.052631578947368425	0.052631578947368425	0.052631578947368425	0.052631578947368425	0.052631578947368425	0.052631578947368425	0.052631578947368425	0.052631578947368425
9.0	0.052631578947368425	0.052631578947368425	0.052631578947368425	0.052631578947368425	0.052631578947368425	0.052631578947368425	0.052631578947368425	0.052631578947368425	0.052631578947368425	0.052631578947368425	0.052631578947368425	0.052631578947368425	0.052631578947368425	0.052631578947368425	0.052631578947368425	0.052631578947368425	0.052631578947368425	0.052631578947368425	0.052631578947368425
10.0	0.052631578947368425	0.052631578947368425	0.052631578947368425	0.052631578947368425	0.052631578947368425	0.052631578947368425	0.052631578947368425	0.052631578947368425	0.052631578947368425	0.052631578947368425	0.052631578947368425	0.052631578947368425	0.052631578947368425	0.052631578947368425	0.052631578947368425	0.052631578947368425	0.052631578947368425	0.052631578947368425	0.052631578947368425
11.0	0.052631578947368425	0.052631578947368425	0.052631578947368425	0.052631578947368425	0.052631578947368425	0.052631578947368425	0.052631578947368425	0.052631578947368425	0.052631578947368425	0.052631578947368425	0.052631578947368425	0.052631578947368425	0.052631578947368425	0.052631578947368425	0.052631578947368425	0.052631578947368425	0.052631578947368425	0.052631578947368425	0.052631578947368425
12.0	0.052631578947368425	0.052631578947368425	0.052631578947368425	0.052631578947368425	0.052631578947368425	0.052631578947368425	0.052631578947368425	0.052631578947368425	0.052631578947368425	0.052631578947368425	0.052631578947368425	0.052631578947368425	0.052631578947368425	0.052631578947368425	0.052631578947368425	0.052631578947368425	0.052631578947368425	0.052631578947368425	0.052631578947368425
13.0	0.052631578947368425	0.052631578947368425	0.052631578947368425	0.052631578947368425	0.052631578947368425	0.052631578947368425	0.052631578947368425	0.052631578947368425	0.052631578947368425	0.052631578947368425	0.052631578947368425	0.052631578947368425	0.052631578947368425	0.052631578947368425	0.052631578947368425	0.052631578947368425	0.052631578947368425	0.052631578947368425	0.052631578947368425
14.0	9.99830028895088e-06	9.99830028895088e-06	9.99830028895088e-06	9.99830028895088e-06	9.99830028895088e-06	9.99830028895088e-06	9.99830028895088e-06	9.99830028895088e-06	9.99830028895088e-06	9.99830028895088e-06	9.99830028895088e-06	9.99830028895088e-06	9.99830028895088e-06	0.7165781817091096	9.99830028895088e-06	9.99830028895088e-06	9.99830028895088e-06	9.99830028895088e-06	0.28325184718597846
15.0	0.052631578947368425	0.052631578947368425	0.052631578947368425	0.052631578947368425	0.052631578947368425	0.052631578947368425	0.052631578947368425	0.052631578947368425	0.052631578947368425	0.052631578947368425	0.052631578947368425	0.052631578947368425	0.052631578947368425	0.052631578947368425	0.052631578947368425	0.052631578947368425	0.052631578947368425	0.052631578947368425	0.052631578947368425
16.0	9.998200323941688e-06	9.998200323941688e-06	9.998200323941688e-06	9.998200323941688e-06	9.998200323941688e-06	9.998200323941688e-06	9.998200323941688e-06	9.998200323941688e-06	9.998200323941688e-06	9.998200323941688e-06	9.998200323941688e-06	9.998200323941688e-06	9.998200323941688e-06	9.998200323941688e-06	9.998200323941688e-06	0.9998200323941687	9.998200323941688e-06	9.998200323941688e-06	9.998200323941688e-06
17.0	9.998200323941691e-06	9.998200323941691e-06	9.998200323941691e-06	9.998200323941691e-06	9.998200323941691e-06	9.998200323941691e-06	9.998200323941691e-06	9.998200323941691e-06	9.998200323941691e-06	9.998200323941691e-06	9.998200323941691e-06	9.998200323941691e-06	9.998200323941691e-06	9.998200323941691e-06	9.998200323941691e-06	9.998200323941691e-06	0.999820032394169	9.998200323941691e-06	9.998200323941691e-06
18.0	0.052631578947368425	0.052631578947368425	0.052631578947368425	0.052631578947368425	0.052631578947368425	0.052631578947368425	0.052631578947368425	0.052631578947368425	0.052631578947368425	0.052631578947368425	0.052631578947368425	0.052631578947368425	0.052631578947368425	0.052631578947368425	0.052631578947368425	0.052631578947368425	0.052631578947368425	0.052631578947368425	0.052631578947368425
19.0	0.052631578947368425	0.052631578947368425	0.052631578947368425	0.052631578947368425	0.052631578947368425	0.052631578947368425	0.052631578947368425	0.052631578947368425	0.052631578947368425	0.052631578947368425	0.052631578947368425	0.052631578947368425	0.052631578947368425	0.052631578947368425	0.052631578947368425	0.052631578947368425	0.052631578947368425	0.052631578947368425	0.052631578947368425
