	(13-14)-1.0	(13-14)-2.0	(13-14)-3.0	(13-14)-4.0	(13-14)-5.0	(13-14)-6.0	(13-14)-7.0	(13-14)-8.0	(13-14)-9.0	(13-14)-10.0	(13-14)-11.0	(13-14)-12.0	(13-14)-13.0	(13-14)-14.0	(13-14)-15.0	(13-14)-16.0	(13-14)-17.0	(13-14)-18.0	(13-14)-19.0	(13-14)-20.0	(13-14)-21.0	(13-14)-22.0
1.0	0.7556123956521846	2.2555593900065216e-06	2.2555593900065216e-06	2.2555593900065216e-06	2.2555593900065216e-06	0.14661136035042388	2.2555593900065216e-06	2.2555593900065216e-06	2.2555593900065216e-06	2.2555593900065216e-06	0.09773338836898257	2.2555593900065216e-06	2.2555593900065216e-06	2.2555593900065216e-06	2.2555593900065216e-06	2.2555593900065216e-06	2.2555593900065216e-06	2.2555593900065216e-06	2.2555593900065216e-06	2.2555593900065216e-06	2.2555593900065216e-06	2.2555593900065216e-06
2.0	0.045454545454545456	0.045454545454545456	0.045454545454545456	0.045454545454545456	0.045454545454545456	0.045454545454545456	0.045454545454545456	0.045454545454545456	0.045454545454545456	0.045454545454545456	0.045454545454545456	0.045454545454545456	0.045454545454545456	0.045454545454545456	0.045454545454545456	0.045454545454545456	0.045454545454545456	0.045454545454545456	0.045454545454545456	0.045454545454545456	0.045454545454545456	0.045454545454545456
3.0	0.9997900440907396	9.997900440907396e-06	9.997900440907396e-06	9.997900440907396e-06	9.997900440907396e-06	9.997900440907396e-06	9.997900440907396e-06	9.997900440907396e-06	9.997900440907396e-06	9.997900440907396e-06	9.997900440907396e-06	9.997900440907396e-06	9.997900440907396e-06	9.997900440907396e-06	9.997900440907396e-06	9.997900440907396e-06	9.997900440907396e-06	9.997900440907396e-06	9.997900440907396e-06	9.997900440907396e-06	9.997900440907396e-06	9.997900440907396e-06
4.0	0.9441445044324458	9.998000399920006e-06	9.998000399920006e-06	0.0556555355595547	9.998000399920006e-06	9.998000399920006e-06	9.998000399920006e-06	9.998000399920006e-06	9.998000399920006e-06	9.998000399920006e-06	9.998000399920006e-06	9.998000399920006e-06	9.998000399920006e-06	9.998000399920006e-06	9.998000399920006e-06	9.998000399920006e-06	9.998000399920006e-06	9.998000399920006e-06	9.998000399920006e-06	9.998000399920006e-06	9.998000399920006e-06	9.998000399920006e-06
5.0	0.045454545454545456	0.045454545454545456	0.045454545454545456	0.045454545454545456	0.045454545454545456	0.045454545454545456	0.045454545454545456	0.045454545454545456	0.045454545454545456	0.045454545454545456	0.045454545454545456	0.045454545454545456	0.045454545454545456	0.045454545454545456	0.045454545454545456	0.045454545454545456	0.045454545454545456	0.045454545454545456	0.045454545454545456	0.045454545454545456	0.045454545454545456	0.045454545454545456
6.0	0.9597312598915294	9.998000399920007e-06	9.998000399920007e-06	9.998000399920007e-06	9.998000399920007e-06	0.04006878010047135	9.998000399920007e-06	9.998000399920007e-06	9.998000399920007e-06	9.998000399920007e-06	9.998000399920007e-06	9.998000399920007e-06	9.998000399920007e-06	9.998000399920007e-06	9.998000399920007e-06	9.998000399920007e-06	9.998000399920007e-06	9.998000399920007e-06	9.998000399920007e-06	9.998000399920007e-06	9.998000399920007e-06	9.998000399920007e-06
7.0	0.045454545454545456	0.045454545454545456	0.045454545454545456	0.045454545454545456	0.045454545454545456	0.045454545454545456	0.045454545454545456	0.045454545454545456	0.045454545454545456	0.045454545454545456	0.045454545454545456	0.045454545454545456	0.045454545454545456	0.045454545454545456	0.045454545454545456	0.045454545454545456	0.045454545454545456	0.045454545454545456	0.045454545454545456	0.045454545454545456	0.045454545454545456	0.045454545454545456
8.0	0.045454545454545456	0.045454545454545456	0.045454545454545456	0.045454545454545456	0.045454545454545456	0.045454545454545456	0.045454545454545456	0.045454545454545456	0.045454545454545456	0.045454545454545456	0.045454545454545456	0.045454545454545456	0.045454545454545456	0.045454545454545456	0.045454545454545456	0.045454545454545456	0.045454545454545456	0.045454545454545456	0.045454545454545456	0.045454545454545456	0.045454545454545456	0.045454545454545456
9.0	0.045454545454545456	0.045454545454545456	0.045454545454545456	0.045454545454545456	0.045454545454545456	0.045454545454545456	0.045454545454545456	0.045454545454545456	0.045454545454545456	0.045454545454545456	0.045454545454545456	0.045454545454545456	0.045454545454545456	0.045454545454545456	0.045454545454545456	0.045454545454545456	0.045454545454545456	0.045454545454545456	0.045454545454545456	0.045454545454545456	0.045454545454545456	0.045454545454545456
10.0	0.045454545454545456	0.045454545454545456	0.045454545454545456	0.045454545454545456	0.045454545454545456	0.045454545454545456	0.045454545454545456	0.045454545454545456	0.045454545454545456	0.045454545454545456	0.045454545454545456	0.045454545454545456	0.045454545454545456	0.045454545454545456	0.045454545454545456	0.045454545454545456	0.045454545454545456	0.045454545454545456	0.045454545454545456	0.045454545454545456	0.045454545454545456	0.045454545454545456
11.0	6.381987478540565e-06	6.381987478540565e-06	6.381987478540565e-06	6.381987478540565e-06	6.381987478540565e-06	6.381987478540565e-06	6.381987478540565e-06	6.381987478540565e-06	6.381987478540565e-06	6.381987478540565e-06	0.9998659782629502	6.381987478540565e-06	6.381987478540565e-06	6.381987478540565e-06	6.381987478540565e-06	6.381987478540565e-06	6.381987478540565e-06	6.381987478540565e-06	6.381987478540565e-06	6.381987478540565e-06	6.381987478540565e-06	6.381987478540565e-06
12.0	0.045454545454545456	0.045454545454545456	0.045454545454545456	0.045454545454545456	0.045454545454545456	0.045454545454545456	0.045454545454545456	0.045454545454545456	0.045454545454545456	0.045454545454545456	0.045454545454545456	0.045454545454545456	0.045454545454545456	0.045454545454545456	0.045454545454545456	0.045454545454545456	0.045454545454545456	0.045454545454545456	0.045454545454545456	0.045454545454545456	0.045454545454545456	0.045454545454545456
13.0	0.045454545454545456	0.045454545454545456	0.045454545454545456	0.045454545454545456	0.045454545454545456	0.045454545454545456	0.045454545454545456	0.045454545454545456	0.045454545454545456	0.045454545454545456	0.045454545454545456	0.045454545454545456	0.045454545454545456	0.045454545454545456	0.045454545454545456	0.045454545454545456	0.045454545454545456	0.045454545454545456	0.045454545454545456	0.045454545454545456	0.045454545454545456	0.045454545454545456
14.0	0.045454545454545456	0.045454545454545456	0.045454545454545456	0.045454545454545456	0.045454545454545456	0.045454545454545456	0.045454545454545456	0.045454545454545456	0.045454545454545456	0.045454545454545456	0.045454545454545456	0.045454545454545456	0.045454545454545456	0.045454545454545456	0.045454545454545456	0.045454545454545456	0.045454545454545456	0.045454545454545456	0.045454545454545456	0.045454545454545456	0.045454545454545456	0.045454545454545456
15.0	0.045454545454545456	0.045454545454545456	0.045454545454545456	0.045454545454545456	0.045454545454545456	0.045454545454545456	0.045454545454545456	0.045454545454545456	0.045454545454545456	0.045454545454545456	0.045454545454545456	0.045454545454545456	0.045454545454545456	0.045454545454545456	0.045454545454545456	0.045454545454545456	0.045454545454545456	0.045454545454545456	0.045454545454545456	0.045454545454545456	0.045454545454545456	0.045454545454545456
16.0	0.045454545454545456	0.045454545454545456	0.045454545454545456	0.045454545454545456	0.045454545454545456	0.045454545454545456	0.045454545454545456	0.045454545454545456	0.045454545454545456	0.045454545454545456	0.045454545454545456	0.045454545454545456	0.045454545454545456	0.045454545454545456	0.045454545454545456	0.045454545454545456	0.045454545454545456	0.045454545454545456	0.045454545454545456	0.045454545454545456	0.045454545454545456	0.045454545454545456
17.0	0.045454545454545456	0.045454545454545456	0.045454545454545456	0.045454545454545456	0.045454545454545456	0.045454545454545456	0.045454545454545456	0.045454545454545456	0.045454545454545456	0.045454545454545456	0.045454545454545456	0.045454545454545456	0.045454545454545456	0.045454545454545456	0.045454545454545456	0.045454545454545456	0.045454545454545456	0.045454545454545456	0.045454545454545456	0.045454545454545456	0.045454545454545456	0.045454545454545456
18.0	0.045454545454545456	0.045454545454545456	0.045454545454545456	0.045454545454545456	0.045454545454545456	0.045454545454545456	0.045454545454545456	0.045454545454545456	0.045454545454545456	0.045454545454545456	0.045454545454545456	0.045454545454545456	0.045454545454545456	0.045454545454545456	0.045454545454545456	0.045454545454545456	0.045454545454545456	0.045454545454545456	0.045454545454545456	0.045454545454545456	0.045454545454545456	0.045454545454545456
19.0	9.998000399920014e-06	9.998000399920014e-06	9.998000399920014e-06	9.998000399920014e-06	9.998000399920014e-06	9.998000399920014e-06	9.998000399920014e-06	9.998000399920014e-06	9.998000399920014e-06	9.998000399920014e-06	9.998000399920014e-06	9.998000399920014e-06	9.998000399920014e-06	9.998000399920014e-06	9.998000399920014e-06	9.998000399920014e-06	9.998000399920014e-06	9.998000399920014e-06	0.9665066986602677	0.03329334133173365	9.998000399920014e-06	9.998000399920014e-06
20.0	0.045454545454545456	0.045454545454545456	0.045454545454545456	0.045454545454545456	0.045454545454545456	0.045454545454545456	0.045454545454545456	0.045454545454545456	0.045454545454545456	0.045454545454545456	0.045454545454545456	0.045454545454545456	0.045454545454545456	0.045454545454545456	0.045454545454545456	0.045454545454545456	0.045454545454545456	0.045454545454545456	0.045454545454545456	0.045454545454545456	0.045454545454545456	0.045454545454545456
21.0	0.045454545454545456	0.045454545454545456	0.045454545454545456	0.045454545454545456	0.045454545454545456	0.045454545454545456	0.045454545454545456	0.045454545454545456	0.045454545454545456	0.045454545454545456	0.045454545454545456	0.045454545454545456	0.045454545454545456	0.045454545454545456	0.045454545454545456	0.045454545454545456	0.045454545454545456	0.045454545454545456	0.045454545454545456	0.045454545454545456	0.045454545454545456	0.045454545454545456
22.0	0.045454545454545456	0.045454545454545456	0.045454545454545456	0.045454545454545456	0.045454545454545456	0.045454545454545456	0.045454545454545456	0.045454545454545456	0.045454545454545456	0.045454545454545456	0.045454545454545456	0.045454545454545456	0.045454545454545456	0.045454545454545456	0.045454545454545456	0.045454545454545456	0.045454545454545456	0.045454545454545456	0.045454545454545456	0.045454545454545456	0.045454545454545456	0.045454545454545456
