	(14-15)-1.0	(14-15)-2.0	(14-15)-3.0	(14-15)-4.0	(14-15)-5.0	(14-15)-6.0	(14-15)-7.0	(14-15)-8.0	(14-15)-9.0	(14-15)-10.0	(14-15)-11.0	(14-15)-12.0	(14-15)-13.0	(14-15)-14.0	(14-15)-15.0	(14-15)-16.0	(14-15)-17.0
1.0	0.9999200063994875	4.999600031997438e-06	4.999600031997438e-06	4.999600031997438e-06	4.999600031997438e-06	4.999600031997438e-06	4.999600031997438e-06	4.999600031997438e-06	4.999600031997438e-06	4.999600031997438e-06	4.999600031997438e-06	4.999600031997438e-06	4.999600031997438e-06	4.999600031997438e-06	4.999600031997438e-06	4.999600031997438e-06	4.999600031997438e-06
2.0	0.025971374168552944	0.7489255517843871	2.5103930271323277e-06	2.5103930271323277e-06	2.5103930271323277e-06	2.5103930271323277e-06	2.5103930271323277e-06	2.5103930271323277e-06	2.5103930271323277e-06	0.2250679285446798	2.5103930271323277e-06	2.5103930271323277e-06	2.5103930271323277e-06	2.5103930271323277e-06	2.5103930271323277e-06	2.5103930271323277e-06	2.5103930271323277e-06
3.0	2.2789863068906946e-05	2.2789863068906946e-05	0.9996353621908971	2.2789863068906946e-05	2.2789863068906946e-05	2.2789863068906946e-05	2.2789863068906946e-05	2.2789863068906946e-05	2.2789863068906946e-05	2.2789863068906946e-05	2.2789863068906946e-05	2.2789863068906946e-05	2.2789863068906946e-05	2.2789863068906946e-05	2.2789863068906946e-05	2.2789863068906946e-05	2.2789863068906946e-05
4.0	1.7808537600383934e-05	1.7808537600383934e-05	0.999715063398395	1.7808537600383934e-05	1.7808537600383934e-05	1.7808537600383934e-05	1.7808537600383934e-05	1.7808537600383934e-05	1.7808537600383934e-05	1.7808537600383934e-05	1.7808537600383934e-05	1.7808537600383934e-05	1.7808537600383934e-05	1.7808537600383934e-05	1.7808537600383934e-05	1.7808537600383934e-05	1.7808537600383934e-05
5.0	9.998400255959039e-06	9.998400255959039e-06	9.998400255959039e-06	9.998400255959039e-06	9.998400255959039e-06	0.9998400255959038	9.998400255959039e-06	9.998400255959039e-06	9.998400255959039e-06	9.998400255959039e-06	9.998400255959039e-06	9.998400255959039e-06	9.998400255959039e-06	9.998400255959039e-06	9.998400255959039e-06	9.998400255959039e-06	9.998400255959039e-06
6.0	0.058823529411764705	0.058823529411764705	0.058823529411764705	0.058823529411764705	0.058823529411764705	0.058823529411764705	0.058823529411764705	0.058823529411764705	0.058823529411764705	0.058823529411764705	0.058823529411764705	0.058823529411764705	0.058823529411764705	0.058823529411764705	0.058823529411764705	0.058823529411764705	0.058823529411764705
7.0	0.058823529411764705	0.058823529411764705	0.058823529411764705	0.058823529411764705	0.058823529411764705	0.058823529411764705	0.058823529411764705	0.058823529411764705	0.058823529411764705	0.058823529411764705	0.058823529411764705	0.058823529411764705	0.058823529411764705	0.058823529411764705	0.058823529411764705	0.058823529411764705	0.058823529411764705
8.0	0.058823529411764705	0.058823529411764705	0.058823529411764705	0.058823529411764705	0.058823529411764705	0.058823529411764705	0.058823529411764705	0.058823529411764705	0.058823529411764705	0.058823529411764705	0.058823529411764705	0.058823529411764705	0.058823529411764705	0.058823529411764705	0.058823529411764705	0.058823529411764705	0.058823529411764705
9.0	0.058823529411764705	0.058823529411764705	0.058823529411764705	0.058823529411764705	0.058823529411764705	0.058823529411764705	0.058823529411764705	0.058823529411764705	0.058823529411764705	0.058823529411764705	0.058823529411764705	0.058823529411764705	0.058823529411764705	0.058823529411764705	0.058823529411764705	0.058823529411764705	0.058823529411764705
10.0	0.058823529411764705	0.058823529411764705	0.058823529411764705	0.058823529411764705	0.058823529411764705	0.058823529411764705	0.058823529411764705	0.058823529411764705	0.058823529411764705	0.058823529411764705	0.058823529411764705	0.058823529411764705	0.058823529411764705	0.058823529411764705	0.058823529411764705	0.058823529411764705	0.058823529411764705
11.0	0.058823529411764705	0.058823529411764705	0.058823529411764705	0.058823529411764705	0.058823529411764705	0.058823529411764705	0.058823529411764705	0.058823529411764705	0.058823529411764705	0.058823529411764705	0.058823529411764705	0.058823529411764705	0.058823529411764705	0.058823529411764705	0.058823529411764705	0.058823529411764705	0.058823529411764705
12.0	0.058823529411764705	0.058823529411764705	0.058823529411764705	0.058823529411764705	0.058823529411764705	0.058823529411764705	0.058823529411764705	0.058823529411764705	0.058823529411764705	0.058823529411764705	0.058823529411764705	0.058823529411764705	0.058823529411764705	0.058823529411764705	0.058823529411764705	0.058823529411764705	0.058823529411764705
13.0	0.058823529411764705	0.058823529411764705	0.058823529411764705	0.058823529411764705	0.058823529411764705	0.058823529411764705	0.058823529411764705	0.058823529411764705	0.058823529411764705	0.058823529411764705	0.058823529411764705	0.058823529411764705	0.058823529411764705	0.058823529411764705	0.058823529411764705	0.058823529411764705	0.058823529411764705
14.0	0.058823529411764705	0.058823529411764705	0.058823529411764705	0.058823529411764705	0.058823529411764705	0.058823529411764705	0.058823529411764705	0.058823529411764705	0.058823529411764705	0.058823529411764705	0.058823529411764705	0.058823529411764705	0.058823529411764705	0.058823529411764705	0.058823529411764705	0.058823529411764705	0.058823529411764705
15.0	0.000593119810201661	0.9905100830367738	0.000593119810201661	0.000593119810201661	0.000593119810201661	0.000593119810201661	0.000593119810201661	0.000593119810201661	0.000593119810201661	0.000593119810201661	0.000593119810201661	0.000593119810201661	0.000593119810201661	0.000593119810201661	0.000593119810201661	0.000593119810201661	0.000593119810201661
16.0	0.058823529411764705	0.058823529411764705	0.058823529411764705	0.058823529411764705	0.058823529411764705	0.058823529411764705	0.058823529411764705	0.058823529411764705	0.058823529411764705	0.058823529411764705	0.058823529411764705	0.058823529411764705	0.058823529411764705	0.058823529411764705	0.058823529411764705	0.058823529411764705	0.058823529411764705
17.0	0.058823529411764705	0.058823529411764705	0.058823529411764705	0.058823529411764705	0.058823529411764705	0.058823529411764705	0.058823529411764705	0.058823529411764705	0.058823529411764705	0.058823529411764705	0.058823529411764705	0.058823529411764705	0.058823529411764705	0.058823529411764705	0.058823529411764705	0.058823529411764705	0.058823529411764705
