	(18-19)-1.0	(18-19)-2.0	(18-19)-3.0	(18-19)-4.0	(18-19)-5.0	(18-19)-6.0	(18-19)-7.0	(18-19)-8.0	(18-19)-9.0	(18-19)-10.0	(18-19)-11.0	(18-19)-12.0	(18-19)-13.0	(18-19)-14.0	(18-19)-15.0	(18-19)-16.0	(18-19)-17.0	(18-19)-18.0	(18-19)-19.0	(18-19)-20.0	(18-19)-21.0
1.0	0.04761904761904762	0.04761904761904762	0.04761904761904762	0.04761904761904762	0.04761904761904762	0.04761904761904762	0.04761904761904762	0.04761904761904762	0.04761904761904762	0.04761904761904762	0.04761904761904762	0.04761904761904762	0.04761904761904762	0.04761904761904762	0.04761904761904762	0.04761904761904762	0.04761904761904762	0.04761904761904762	0.04761904761904762	0.04761904761904762	0.04761904761904762
2.0	7.465599303839498e-06	0.7465599303839497	0.20263847221264036	7.465599303839498e-06	7.465599303839498e-06	7.465599303839498e-06	7.465599303839498e-06	7.465599303839498e-06	7.465599303839498e-06	0.050667216615939925	7.465599303839498e-06	7.465599303839498e-06	7.465599303839498e-06	7.465599303839498e-06	7.465599303839498e-06	7.465599303839498e-06	7.465599303839498e-06	7.465599303839498e-06	7.465599303839498e-06	7.465599303839498e-06	7.465599303839498e-06
3.0	6.020858154241515e-06	6.020858154241515e-06	0.9203160996096813	6.020858154241515e-06	6.020858154241515e-06	6.020858154241515e-06	6.020858154241515e-06	6.020858154241515e-06	6.020858154241515e-06	0.07956950408538746	6.020858154241515e-06	6.020858154241515e-06	6.020858154241515e-06	6.020858154241515e-06	6.020858154241515e-06	6.020858154241515e-06	6.020858154241515e-06	6.020858154241515e-06	6.020858154241515e-06	6.020858154241515e-06	6.020858154241515e-06
4.0	0.00045492466181777636	0.00045492466181777636	0.00045492466181777636	0.9909015067636449	0.00045492466181777636	0.00045492466181777636	0.00045492466181777636	0.00045492466181777636	0.00045492466181777636	0.00045492466181777636	0.00045492466181777636	0.00045492466181777636	0.00045492466181777636	0.00045492466181777636	0.00045492466181777636	0.00045492466181777636	0.00045492466181777636	0.00045492466181777636	0.00045492466181777636	0.00045492466181777636	0.00045492466181777636
5.0	0.04761904761904762	0.04761904761904762	0.04761904761904762	0.04761904761904762	0.04761904761904762	0.04761904761904762	0.04761904761904762	0.04761904761904762	0.04761904761904762	0.04761904761904762	0.04761904761904762	0.04761904761904762	0.04761904761904762	0.04761904761904762	0.04761904761904762	0.04761904761904762	0.04761904761904762	0.04761904761904762	0.04761904761904762	0.04761904761904762	0.04761904761904762
6.0	0.04761904761904762	0.04761904761904762	0.04761904761904762	0.04761904761904762	0.04761904761904762	0.04761904761904762	0.04761904761904762	0.04761904761904762	0.04761904761904762	0.04761904761904762	0.04761904761904762	0.04761904761904762	0.04761904761904762	0.04761904761904762	0.04761904761904762	0.04761904761904762	0.04761904761904762	0.04761904761904762	0.04761904761904762	0.04761904761904762	0.04761904761904762
7.0	0.04761904761904762	0.04761904761904762	0.04761904761904762	0.04761904761904762	0.04761904761904762	0.04761904761904762	0.04761904761904762	0.04761904761904762	0.04761904761904762	0.04761904761904762	0.04761904761904762	0.04761904761904762	0.04761904761904762	0.04761904761904762	0.04761904761904762	0.04761904761904762	0.04761904761904762	0.04761904761904762	0.04761904761904762	0.04761904761904762	0.04761904761904762
8.0	9.998100360931417e-06	9.998100360931417e-06	9.998100360931417e-06	0.9331227066857289	9.998100360931417e-06	9.998100360931417e-06	9.998100360931417e-06	0.06668732940741254	9.998100360931417e-06	9.998100360931417e-06	9.998100360931417e-06	9.998100360931417e-06	9.998100360931417e-06	9.998100360931417e-06	9.998100360931417e-06	9.998100360931417e-06	9.998100360931417e-06	9.998100360931417e-06	9.998100360931417e-06	9.998100360931417e-06	9.998100360931417e-06
9.0	4.999500049994998e-06	4.999500049994998e-06	4.999500049994998e-06	4.999500049994998e-06	4.999500049994998e-06	4.999500049994998e-06	4.999500049994998e-06	4.999500049994998e-06	0.9999000099989996	4.999500049994998e-06	4.999500049994998e-06	4.999500049994998e-06	4.999500049994998e-06	4.999500049994998e-06	4.999500049994998e-06	4.999500049994998e-06	4.999500049994998e-06	4.999500049994998e-06	4.999500049994998e-06	4.999500049994998e-06	4.999500049994998e-06
10.0	0.04761904761904762	0.04761904761904762	0.04761904761904762	0.04761904761904762	0.04761904761904762	0.04761904761904762	0.04761904761904762	0.04761904761904762	0.04761904761904762	0.04761904761904762	0.04761904761904762	0.04761904761904762	0.04761904761904762	0.04761904761904762	0.04761904761904762	0.04761904761904762	0.04761904761904762	0.04761904761904762	0.04761904761904762	0.04761904761904762	0.04761904761904762
11.0	0.04761904761904762	0.04761904761904762	0.04761904761904762	0.04761904761904762	0.04761904761904762	0.04761904761904762	0.04761904761904762	0.04761904761904762	0.04761904761904762	0.04761904761904762	0.04761904761904762	0.04761904761904762	0.04761904761904762	0.04761904761904762	0.04761904761904762	0.04761904761904762	0.04761904761904762	0.04761904761904762	0.04761904761904762	0.04761904761904762	0.04761904761904762
12.0	0.04761904761904762	0.04761904761904762	0.04761904761904762	0.04761904761904762	0.04761904761904762	0.04761904761904762	0.04761904761904762	0.04761904761904762	0.04761904761904762	0.04761904761904762	0.04761904761904762	0.04761904761904762	0.04761904761904762	0.04761904761904762	0.04761904761904762	0.04761904761904762	0.04761904761904762	0.04761904761904762	0.04761904761904762	0.04761904761904762	0.04761904761904762
13.0	2.1896121282178824e-05	2.1896121282178824e-05	2.1896121282178824e-05	0.9995620775743561	2.1896121282178824e-05	2.1896121282178824e-05	2.1896121282178824e-05	2.1896121282178824e-05	2.1896121282178824e-05	2.1896121282178824e-05	2.1896121282178824e-05	2.1896121282178824e-05	2.1896121282178824e-05	2.1896121282178824e-05	2.1896121282178824e-05	2.1896121282178824e-05	2.1896121282178824e-05	2.1896121282178824e-05	2.1896121282178824e-05	2.1896121282178824e-05	2.1896121282178824e-05
14.0	1.916015495459818e-05	1.916015495459818e-05	1.916015495459818e-05	0.9996167969009095	1.916015495459818e-05	1.916015495459818e-05	1.916015495459818e-05	1.916015495459818e-05	1.916015495459818e-05	1.916015495459818e-05	1.916015495459818e-05	1.916015495459818e-05	1.916015495459818e-05	1.916015495459818e-05	1.916015495459818e-05	1.916015495459818e-05	1.916015495459818e-05	1.916015495459818e-05	1.916015495459818e-05	1.916015495459818e-05	1.916015495459818e-05
15.0	0.04761904761904762	0.04761904761904762	0.04761904761904762	0.04761904761904762	0.04761904761904762	0.04761904761904762	0.04761904761904762	0.04761904761904762	0.04761904761904762	0.04761904761904762	0.04761904761904762	0.04761904761904762	0.04761904761904762	0.04761904761904762	0.04761904761904762	0.04761904761904762	0.04761904761904762	0.04761904761904762	0.04761904761904762	0.04761904761904762	0.04761904761904762
16.0	0.04761904761904762	0.04761904761904762	0.04761904761904762	0.04761904761904762	0.04761904761904762	0.04761904761904762	0.04761904761904762	0.04761904761904762	0.04761904761904762	0.04761904761904762	0.04761904761904762	0.04761904761904762	0.04761904761904762	0.04761904761904762	0.04761904761904762	0.04761904761904762	0.04761904761904762	0.04761904761904762	0.04761904761904762	0.04761904761904762	0.04761904761904762
17.0	0.04761904761904762	0.04761904761904762	0.04761904761904762	0.04761904761904762	0.04761904761904762	0.04761904761904762	0.04761904761904762	0.04761904761904762	0.04761904761904762	0.04761904761904762	0.04761904761904762	0.04761904761904762	0.04761904761904762	0.04761904761904762	0.04761904761904762	0.04761904761904762	0.04761904761904762	0.04761904761904762	0.04761904761904762	0.04761904761904762	0.04761904761904762
18.0	0.04761904761904762	0.04761904761904762	0.04761904761904762	0.04761904761904762	0.04761904761904762	0.04761904761904762	0.04761904761904762	0.04761904761904762	0.04761904761904762	0.04761904761904762	0.04761904761904762	0.04761904761904762	0.04761904761904762	0.04761904761904762	0.04761904761904762	0.04761904761904762	0.04761904761904762	0.04761904761904762	0.04761904761904762	0.04761904761904762	0.04761904761904762
19.0	9.998100360931423e-06	9.998100360931423e-06	9.998100360931423e-06	0.2544792509497382	9.998100360931423e-06	9.998100360931423e-06	9.998100360931423e-06	9.998100360931423e-06	9.998100360931423e-06	9.998100360931423e-06	9.998100360931423e-06	9.998100360931423e-06	9.998100360931423e-06	9.998100360931423e-06	9.998100360931423e-06	9.998100360931423e-06	9.998100360931423e-06	9.998100360931423e-06	0.7453307851434039	9.998100360931423e-06	9.998100360931423e-06
20.0	0.04761904761904762	0.04761904761904762	0.04761904761904762	0.04761904761904762	0.04761904761904762	0.04761904761904762	0.04761904761904762	0.04761904761904762	0.04761904761904762	0.04761904761904762	0.04761904761904762	0.04761904761904762	0.04761904761904762	0.04761904761904762	0.04761904761904762	0.04761904761904762	0.04761904761904762	0.04761904761904762	0.04761904761904762	0.04761904761904762	0.04761904761904762
21.0	0.04761904761904762	0.04761904761904762	0.04761904761904762	0.04761904761904762	0.04761904761904762	0.04761904761904762	0.04761904761904762	0.04761904761904762	0.04761904761904762	0.04761904761904762	0.04761904761904762	0.04761904761904762	0.04761904761904762	0.04761904761904762	0.04761904761904762	0.04761904761904762	0.04761904761904762	0.04761904761904762	0.04761904761904762	0.04761904761904762	0.04761904761904762
