	(16-17)-1.0	(16-17)-2.0	(16-17)-3.0	(16-17)-4.0	(16-17)-5.0	(16-17)-6.0	(16-17)-7.0	(16-17)-8.0	(16-17)-9.0	(16-17)-10.0	(16-17)-11.0	(16-17)-12.0	(16-17)-13.0	(16-17)-14.0	(16-17)-15.0	(16-17)-16.0	(16-17)-17.0
1.0	0.058823529411764705	0.058823529411764705	0.058823529411764705	0.058823529411764705	0.058823529411764705	0.058823529411764705	0.058823529411764705	0.058823529411764705	0.058823529411764705	0.058823529411764705	0.058823529411764705	0.058823529411764705	0.058823529411764705	0.058823529411764705	0.058823529411764705	0.058823529411764705	0.058823529411764705
2.0	9.998400255959037e-06	0.9998400255959036	9.998400255959037e-06	9.998400255959037e-06	9.998400255959037e-06	9.998400255959037e-06	9.998400255959037e-06	9.998400255959037e-06	9.998400255959037e-06	9.998400255959037e-06	9.998400255959037e-06	9.998400255959037e-06	9.998400255959037e-06	9.998400255959037e-06	9.998400255959037e-06	9.998400255959037e-06	9.998400255959037e-06
3.0	0.058823529411764705	0.058823529411764705	0.058823529411764705	0.058823529411764705	0.058823529411764705	0.058823529411764705	0.058823529411764705	0.058823529411764705	0.058823529411764705	0.058823529411764705	0.058823529411764705	0.058823529411764705	0.058823529411764705	0.058823529411764705	0.058823529411764705	0.058823529411764705	0.058823529411764705
4.0	0.058823529411764705	0.058823529411764705	0.058823529411764705	0.058823529411764705	0.058823529411764705	0.058823529411764705	0.058823529411764705	0.058823529411764705	0.058823529411764705	0.058823529411764705	0.058823529411764705	0.058823529411764705	0.058823529411764705	0.058823529411764705	0.058823529411764705	0.058823529411764705	0.058823529411764705
5.0	0.058823529411764705	0.058823529411764705	0.058823529411764705	0.058823529411764705	0.058823529411764705	0.058823529411764705	0.058823529411764705	0.058823529411764705	0.058823529411764705	0.058823529411764705	0.058823529411764705	0.058823529411764705	0.058823529411764705	0.058823529411764705	0.058823529411764705	0.058823529411764705	0.058823529411764705
6.0	0.058823529411764705	0.058823529411764705	0.058823529411764705	0.058823529411764705	0.058823529411764705	0.058823529411764705	0.058823529411764705	0.058823529411764705	0.058823529411764705	0.058823529411764705	0.058823529411764705	0.058823529411764705	0.058823529411764705	0.058823529411764705	0.058823529411764705	0.058823529411764705	0.058823529411764705
7.0	0.058823529411764705	0.058823529411764705	0.058823529411764705	0.058823529411764705	0.058823529411764705	0.058823529411764705	0.058823529411764705	0.058823529411764705	0.058823529411764705	0.058823529411764705	0.058823529411764705	0.058823529411764705	0.058823529411764705	0.058823529411764705	0.058823529411764705	0.058823529411764705	0.058823529411764705
8.0	0.058823529411764705	0.058823529411764705	0.058823529411764705	0.058823529411764705	0.058823529411764705	0.058823529411764705	0.058823529411764705	0.058823529411764705	0.058823529411764705	0.058823529411764705	0.058823529411764705	0.058823529411764705	0.058823529411764705	0.058823529411764705	0.058823529411764705	0.058823529411764705	0.058823529411764705
9.0	0.058823529411764705	0.058823529411764705	0.058823529411764705	0.058823529411764705	0.058823529411764705	0.058823529411764705	0.058823529411764705	0.058823529411764705	0.058823529411764705	0.058823529411764705	0.058823529411764705	0.058823529411764705	0.058823529411764705	0.058823529411764705	0.058823529411764705	0.058823529411764705	0.058823529411764705
10.0	9.998400255959044e-06	9.998400255959044e-06	9.998400255959044e-06	9.998400255959044e-06	9.998400255959044e-06	9.998400255959044e-06	9.998400255959044e-06	9.998400255959044e-06	9.998400255959044e-06	9.998400255959044e-06	0.9998400255959042	9.998400255959044e-06	9.998400255959044e-06	9.998400255959044e-06	9.998400255959044e-06	9.998400255959044e-06	9.998400255959044e-06
11.0	0.058823529411764705	0.058823529411764705	0.058823529411764705	0.058823529411764705	0.058823529411764705	0.058823529411764705	0.058823529411764705	0.058823529411764705	0.058823529411764705	0.058823529411764705	0.058823529411764705	0.058823529411764705	0.058823529411764705	0.058823529411764705	0.058823529411764705	0.058823529411764705	0.058823529411764705
12.0	9.998500224966253e-06	9.998500224966253e-06	9.998500224966253e-06	9.998500224966253e-06	9.998500224966253e-06	9.998500224966253e-06	9.998500224966253e-06	9.998500224966253e-06	9.998500224966253e-06	9.998500224966253e-06	0.483227515872619	0.5166225066240063	9.998500224966253e-06	9.998500224966253e-06	9.998500224966253e-06	9.998500224966253e-06	9.998500224966253e-06
13.0	0.058823529411764705	0.058823529411764705	0.058823529411764705	0.058823529411764705	0.058823529411764705	0.058823529411764705	0.058823529411764705	0.058823529411764705	0.058823529411764705	0.058823529411764705	0.058823529411764705	0.058823529411764705	0.058823529411764705	0.058823529411764705	0.058823529411764705	0.058823529411764705	0.058823529411764705
14.0	9.998500224966255e-06	9.998500224966255e-06	9.998500224966255e-06	9.998500224966255e-06	9.998500224966255e-06	9.998500224966255e-06	9.998500224966255e-06	0.4999250112483127	9.998500224966255e-06	9.998500224966255e-06	9.998500224966255e-06	9.998500224966255e-06	9.998500224966255e-06	0.4999250112483127	9.998500224966255e-06	9.998500224966255e-06	9.998500224966255e-06
15.0	4.99960003199744e-06	4.99960003199744e-06	4.99960003199744e-06	4.99960003199744e-06	4.99960003199744e-06	4.99960003199744e-06	4.99960003199744e-06	4.99960003199744e-06	4.99960003199744e-06	4.99960003199744e-06	4.99960003199744e-06	4.99960003199744e-06	4.99960003199744e-06	4.99960003199744e-06	0.999920006399488	4.99960003199744e-06	4.99960003199744e-06
16.0	0.058823529411764705	0.058823529411764705	0.058823529411764705	0.058823529411764705	0.058823529411764705	0.058823529411764705	0.058823529411764705	0.058823529411764705	0.058823529411764705	0.058823529411764705	0.058823529411764705	0.058823529411764705	0.058823529411764705	0.058823529411764705	0.058823529411764705	0.058823529411764705	0.058823529411764705
17.0	0.058823529411764705	0.058823529411764705	0.058823529411764705	0.058823529411764705	0.058823529411764705	0.058823529411764705	0.058823529411764705	0.058823529411764705	0.058823529411764705	0.058823529411764705	0.058823529411764705	0.058823529411764705	0.058823529411764705	0.058823529411764705	0.058823529411764705	0.058823529411764705	0.058823529411764705
