	(22-23)-1.0	(22-23)-2.0	(22-23)-3.0	(22-23)-4.0	(22-23)-5.0	(22-23)-6.0	(22-23)-7.0	(22-23)-8.0	(22-23)-9.0	(22-23)-10.0	(22-23)-11.0	(22-23)-12.0	(22-23)-13.0	(22-23)-14.0	(22-23)-15.0	(22-23)-16.0	(22-23)-17.0	(22-23)-18.0	(22-23)-19.0	(22-23)-20.0	(22-23)-21.0	(22-23)-22.0	(22-23)-23.0	(22-23)-24.0	(22-23)-25.0	(22-23)-26.0
1.0	0.03846153846153846	0.03846153846153846	0.03846153846153846	0.03846153846153846	0.03846153846153846	0.03846153846153846	0.03846153846153846	0.03846153846153846	0.03846153846153846	0.03846153846153846	0.03846153846153846	0.03846153846153846	0.03846153846153846	0.03846153846153846	0.03846153846153846	0.03846153846153846	0.03846153846153846	0.03846153846153846	0.03846153846153846	0.03846153846153846	0.03846153846153846	0.03846153846153846	0.03846153846153846	0.03846153846153846	0.03846153846153846	0.03846153846153846
2.0	0.03846153846153846	0.03846153846153846	0.03846153846153846	0.03846153846153846	0.03846153846153846	0.03846153846153846	0.03846153846153846	0.03846153846153846	0.03846153846153846	0.03846153846153846	0.03846153846153846	0.03846153846153846	0.03846153846153846	0.03846153846153846	0.03846153846153846	0.03846153846153846	0.03846153846153846	0.03846153846153846	0.03846153846153846	0.03846153846153846	0.03846153846153846	0.03846153846153846	0.03846153846153846	0.03846153846153846	0.03846153846153846	0.03846153846153846
3.0	0.03846153846153846	0.03846153846153846	0.03846153846153846	0.03846153846153846	0.03846153846153846	0.03846153846153846	0.03846153846153846	0.03846153846153846	0.03846153846153846	0.03846153846153846	0.03846153846153846	0.03846153846153846	0.03846153846153846	0.03846153846153846	0.03846153846153846	0.03846153846153846	0.03846153846153846	0.03846153846153846	0.03846153846153846	0.03846153846153846	0.03846153846153846	0.03846153846153846	0.03846153846153846	0.03846153846153846	0.03846153846153846	0.03846153846153846
4.0	9.997500624843776e-06	9.997500624843776e-06	9.997500624843776e-06	9.997500624843776e-06	0.9997500624843775	9.997500624843776e-06	9.997500624843776e-06	9.997500624843776e-06	9.997500624843776e-06	9.997500624843776e-06	9.997500624843776e-06	9.997500624843776e-06	9.997500624843776e-06	9.997500624843776e-06	9.997500624843776e-06	9.997500624843776e-06	9.997500624843776e-06	9.997500624843776e-06	9.997500624843776e-06	9.997500624843776e-06	9.997500624843776e-06	9.997500624843776e-06	9.997500624843776e-06	9.997500624843776e-06	9.997500624843776e-06	9.997500624843776e-06
5.0	0.03846153846153846	0.03846153846153846	0.03846153846153846	0.03846153846153846	0.03846153846153846	0.03846153846153846	0.03846153846153846	0.03846153846153846	0.03846153846153846	0.03846153846153846	0.03846153846153846	0.03846153846153846	0.03846153846153846	0.03846153846153846	0.03846153846153846	0.03846153846153846	0.03846153846153846	0.03846153846153846	0.03846153846153846	0.03846153846153846	0.03846153846153846	0.03846153846153846	0.03846153846153846	0.03846153846153846	0.03846153846153846	0.03846153846153846
6.0	0.03846153846153846	0.03846153846153846	0.03846153846153846	0.03846153846153846	0.03846153846153846	0.03846153846153846	0.03846153846153846	0.03846153846153846	0.03846153846153846	0.03846153846153846	0.03846153846153846	0.03846153846153846	0.03846153846153846	0.03846153846153846	0.03846153846153846	0.03846153846153846	0.03846153846153846	0.03846153846153846	0.03846153846153846	0.03846153846153846	0.03846153846153846	0.03846153846153846	0.03846153846153846	0.03846153846153846	0.03846153846153846	0.03846153846153846
7.0	0.03846153846153846	0.03846153846153846	0.03846153846153846	0.03846153846153846	0.03846153846153846	0.03846153846153846	0.03846153846153846	0.03846153846153846	0.03846153846153846	0.03846153846153846	0.03846153846153846	0.03846153846153846	0.03846153846153846	0.03846153846153846	0.03846153846153846	0.03846153846153846	0.03846153846153846	0.03846153846153846	0.03846153846153846	0.03846153846153846	0.03846153846153846	0.03846153846153846	0.03846153846153846	0.03846153846153846	0.03846153846153846	0.03846153846153846
8.0	0.03846153846153846	0.03846153846153846	0.03846153846153846	0.03846153846153846	0.03846153846153846	0.03846153846153846	0.03846153846153846	0.03846153846153846	0.03846153846153846	0.03846153846153846	0.03846153846153846	0.03846153846153846	0.03846153846153846	0.03846153846153846	0.03846153846153846	0.03846153846153846	0.03846153846153846	0.03846153846153846	0.03846153846153846	0.03846153846153846	0.03846153846153846	0.03846153846153846	0.03846153846153846	0.03846153846153846	0.03846153846153846	0.03846153846153846
9.0	0.03846153846153846	0.03846153846153846	0.03846153846153846	0.03846153846153846	0.03846153846153846	0.03846153846153846	0.03846153846153846	0.03846153846153846	0.03846153846153846	0.03846153846153846	0.03846153846153846	0.03846153846153846	0.03846153846153846	0.03846153846153846	0.03846153846153846	0.03846153846153846	0.03846153846153846	0.03846153846153846	0.03846153846153846	0.03846153846153846	0.03846153846153846	0.03846153846153846	0.03846153846153846	0.03846153846153846	0.03846153846153846	0.03846153846153846
10.0	0.03846153846153846	0.03846153846153846	0.03846153846153846	0.03846153846153846	0.03846153846153846	0.03846153846153846	0.03846153846153846	0.03846153846153846	0.03846153846153846	0.03846153846153846	0.03846153846153846	0.03846153846153846	0.03846153846153846	0.03846153846153846	0.03846153846153846	0.03846153846153846	0.03846153846153846	0.03846153846153846	0.03846153846153846	0.03846153846153846	0.03846153846153846	0.03846153846153846	0.03846153846153846	0.03846153846153846	0.03846153846153846	0.03846153846153846
11.0	0.03846153846153846	0.03846153846153846	0.03846153846153846	0.03846153846153846	0.03846153846153846	0.03846153846153846	0.03846153846153846	0.03846153846153846	0.03846153846153846	0.03846153846153846	0.03846153846153846	0.03846153846153846	0.03846153846153846	0.03846153846153846	0.03846153846153846	0.03846153846153846	0.03846153846153846	0.03846153846153846	0.03846153846153846	0.03846153846153846	0.03846153846153846	0.03846153846153846	0.03846153846153846	0.03846153846153846	0.03846153846153846	0.03846153846153846
12.0	0.03846153846153846	0.03846153846153846	0.03846153846153846	0.03846153846153846	0.03846153846153846	0.03846153846153846	0.03846153846153846	0.03846153846153846	0.03846153846153846	0.03846153846153846	0.03846153846153846	0.03846153846153846	0.03846153846153846	0.03846153846153846	0.03846153846153846	0.03846153846153846	0.03846153846153846	0.03846153846153846	0.03846153846153846	0.03846153846153846	0.03846153846153846	0.03846153846153846	0.03846153846153846	0.03846153846153846	0.03846153846153846	0.03846153846153846
13.0	0.03846153846153846	0.03846153846153846	0.03846153846153846	0.03846153846153846	0.03846153846153846	0.03846153846153846	0.03846153846153846	0.03846153846153846	0.03846153846153846	0.03846153846153846	0.03846153846153846	0.03846153846153846	0.03846153846153846	0.03846153846153846	0.03846153846153846	0.03846153846153846	0.03846153846153846	0.03846153846153846	0.03846153846153846	0.03846153846153846	0.03846153846153846	0.03846153846153846	0.03846153846153846	0.03846153846153846	0.03846153846153846	0.03846153846153846
14.0	0.03846153846153846	0.03846153846153846	0.03846153846153846	0.03846153846153846	0.03846153846153846	0.03846153846153846	0.03846153846153846	0.03846153846153846	0.03846153846153846	0.03846153846153846	0.03846153846153846	0.03846153846153846	0.03846153846153846	0.03846153846153846	0.03846153846153846	0.03846153846153846	0.03846153846153846	0.03846153846153846	0.03846153846153846	0.03846153846153846	0.03846153846153846	0.03846153846153846	0.03846153846153846	0.03846153846153846	0.03846153846153846	0.03846153846153846
15.0	0.03846153846153846	0.03846153846153846	0.03846153846153846	0.03846153846153846	0.03846153846153846	0.03846153846153846	0.03846153846153846	0.03846153846153846	0.03846153846153846	0.03846153846153846	0.03846153846153846	0.03846153846153846	0.03846153846153846	0.03846153846153846	0.03846153846153846	0.03846153846153846	0.03846153846153846	0.03846153846153846	0.03846153846153846	0.03846153846153846	0.03846153846153846	0.03846153846153846	0.03846153846153846	0.03846153846153846	0.03846153846153846	0.03846153846153846
16.0	0.03846153846153846	0.03846153846153846	0.03846153846153846	0.03846153846153846	0.03846153846153846	0.03846153846153846	0.03846153846153846	0.03846153846153846	0.03846153846153846	0.03846153846153846	0.03846153846153846	0.03846153846153846	0.03846153846153846	0.03846153846153846	0.03846153846153846	0.03846153846153846	0.03846153846153846	0.03846153846153846	0.03846153846153846	0.03846153846153846	0.03846153846153846	0.03846153846153846	0.03846153846153846	0.03846153846153846	0.03846153846153846	0.03846153846153846
17.0	9.997500624843785e-06	9.997500624843785e-06	9.997500624843785e-06	9.997500624843785e-06	9.997500624843785e-06	9.997500624843785e-06	9.997500624843785e-06	9.997500624843785e-06	9.997500624843785e-06	9.997500624843785e-06	9.997500624843785e-06	9.997500624843785e-06	9.997500624843785e-06	9.997500624843785e-06	9.997500624843785e-06	9.997500624843785e-06	0.9997500624843784	9.997500624843785e-06	9.997500624843785e-06	9.997500624843785e-06	9.997500624843785e-06	9.997500624843785e-06	9.997500624843785e-06	9.997500624843785e-06	9.997500624843785e-06	9.997500624843785e-06
18.0	0.03846153846153846	0.03846153846153846	0.03846153846153846	0.03846153846153846	0.03846153846153846	0.03846153846153846	0.03846153846153846	0.03846153846153846	0.03846153846153846	0.03846153846153846	0.03846153846153846	0.03846153846153846	0.03846153846153846	0.03846153846153846	0.03846153846153846	0.03846153846153846	0.03846153846153846	0.03846153846153846	0.03846153846153846	0.03846153846153846	0.03846153846153846	0.03846153846153846	0.03846153846153846	0.03846153846153846	0.03846153846153846	0.03846153846153846
19.0	0.03846153846153846	0.03846153846153846	0.03846153846153846	0.03846153846153846	0.03846153846153846	0.03846153846153846	0.03846153846153846	0.03846153846153846	0.03846153846153846	0.03846153846153846	0.03846153846153846	0.03846153846153846	0.03846153846153846	0.03846153846153846	0.03846153846153846	0.03846153846153846	0.03846153846153846	0.03846153846153846	0.03846153846153846	0.03846153846153846	0.03846153846153846	0.03846153846153846	0.03846153846153846	0.03846153846153846	0.03846153846153846	0.03846153846153846
20.0	0.03846153846153846	0.03846153846153846	0.03846153846153846	0.03846153846153846	0.03846153846153846	0.03846153846153846	0.03846153846153846	0.03846153846153846	0.03846153846153846	0.03846153846153846	0.03846153846153846	0.03846153846153846	0.03846153846153846	0.03846153846153846	0.03846153846153846	0.03846153846153846	0.03846153846153846	0.03846153846153846	0.03846153846153846	0.03846153846153846	0.03846153846153846	0.03846153846153846	0.03846153846153846	0.03846153846153846	0.03846153846153846	0.03846153846153846
21.0	0.03846153846153846	0.03846153846153846	0.03846153846153846	0.03846153846153846	0.03846153846153846	0.03846153846153846	0.03846153846153846	0.03846153846153846	0.03846153846153846	0.03846153846153846	0.03846153846153846	0.03846153846153846	0.03846153846153846	0.03846153846153846	0.03846153846153846	0.03846153846153846	0.03846153846153846	0.03846153846153846	0.03846153846153846	0.03846153846153846	0.03846153846153846	0.03846153846153846	0.03846153846153846	0.03846153846153846	0.03846153846153846	0.03846153846153846
22.0	0.03846153846153846	0.03846153846153846	0.03846153846153846	0.03846153846153846	0.03846153846153846	0.03846153846153846	0.03846153846153846	0.03846153846153846	0.03846153846153846	0.03846153846153846	0.03846153846153846	0.03846153846153846	0.03846153846153846	0.03846153846153846	0.03846153846153846	0.03846153846153846	0.03846153846153846	0.03846153846153846	0.03846153846153846	0.03846153846153846	0.03846153846153846	0.03846153846153846	0.03846153846153846	0.03846153846153846	0.03846153846153846	0.03846153846153846
23.0	1.6915142280379278e-05	1.6915142280379278e-05	1.6915142280379278e-05	1.6915142280379278e-05	1.6915142280379278e-05	1.6915142280379278e-05	1.6915142280379278e-05	1.6915142280379278e-05	1.6915142280379278e-05	1.6915142280379278e-05	1.6915142280379278e-05	1.6915142280379278e-05	1.6915142280379278e-05	1.6915142280379278e-05	1.6915142280379278e-05	1.6915142280379278e-05	1.6915142280379278e-05	1.6915142280379278e-05	1.6915142280379278e-05	1.6915142280379278e-05	1.6915142280379278e-05	1.6915142280379278e-05	1.6915142280379278e-05	0.9663075551669815	0.033286481418289535	1.6915142280379278e-05
24.0	2.4432331728994635e-05	2.4432331728994635e-05	2.4432331728994635e-05	2.4432331728994635e-05	2.4432331728994635e-05	2.4432331728994635e-05	2.4432331728994635e-05	2.4432331728994635e-05	2.4432331728994635e-05	2.4432331728994635e-05	2.4432331728994635e-05	2.4432331728994635e-05	2.4432331728994635e-05	2.4432331728994635e-05	2.4432331728994635e-05	2.4432331728994635e-05	2.4432331728994635e-05	2.4432331728994635e-05	2.4432331728994635e-05	2.4432331728994635e-05	2.4432331728994635e-05	2.4432331728994635e-05	2.4432331728994635e-05	0.9661331503580219	0.03328047368048219	2.4432331728994635e-05
25.0	0.03846153846153846	0.03846153846153846	0.03846153846153846	0.03846153846153846	0.03846153846153846	0.03846153846153846	0.03846153846153846	0.03846153846153846	0.03846153846153846	0.03846153846153846	0.03846153846153846	0.03846153846153846	0.03846153846153846	0.03846153846153846	0.03846153846153846	0.03846153846153846	0.03846153846153846	0.03846153846153846	0.03846153846153846	0.03846153846153846	0.03846153846153846	0.03846153846153846	0.03846153846153846	0.03846153846153846	0.03846153846153846	0.03846153846153846
26.0	0.03846153846153846	0.03846153846153846	0.03846153846153846	0.03846153846153846	0.03846153846153846	0.03846153846153846	0.03846153846153846	0.03846153846153846	0.03846153846153846	0.03846153846153846	0.03846153846153846	0.03846153846153846	0.03846153846153846	0.03846153846153846	0.03846153846153846	0.03846153846153846	0.03846153846153846	0.03846153846153846	0.03846153846153846	0.03846153846153846	0.03846153846153846	0.03846153846153846	0.03846153846153846	0.03846153846153846	0.03846153846153846	0.03846153846153846
