	(13-14)-1.0	(13-14)-2.0	(13-14)-3.0	(13-14)-4.0	(13-14)-5.0	(13-14)-6.0	(13-14)-7.0	(13-14)-8.0	(13-14)-9.0	(13-14)-10.0	(13-14)-11.0	(13-14)-12.0	(13-14)-13.0	(13-14)-14.0	(13-14)-15.0	(13-14)-16.0	(13-14)-17.0	(13-14)-18.0	(13-14)-19.0	(13-14)-20.0	(13-14)-21.0	(13-14)-22.0	(13-14)-23.0	(13-14)-24.0	(13-14)-25.0	(13-14)-26.0
1.0	0.9993413803433469	2.634478626610072e-05	2.634478626610072e-05	2.634478626610072e-05	2.634478626610072e-05	2.634478626610072e-05	2.634478626610072e-05	2.634478626610072e-05	2.634478626610072e-05	2.634478626610072e-05	2.634478626610072e-05	2.634478626610072e-05	2.634478626610072e-05	2.634478626610072e-05	2.634478626610072e-05	2.634478626610072e-05	2.634478626610072e-05	2.634478626610072e-05	2.634478626610072e-05	2.634478626610072e-05	2.634478626610072e-05	2.634478626610072e-05	2.634478626610072e-05	2.634478626610072e-05	2.634478626610072e-05	2.634478626610072e-05
2.0	0.03846153846153846	0.03846153846153846	0.03846153846153846	0.03846153846153846	0.03846153846153846	0.03846153846153846	0.03846153846153846	0.03846153846153846	0.03846153846153846	0.03846153846153846	0.03846153846153846	0.03846153846153846	0.03846153846153846	0.03846153846153846	0.03846153846153846	0.03846153846153846	0.03846153846153846	0.03846153846153846	0.03846153846153846	0.03846153846153846	0.03846153846153846	0.03846153846153846	0.03846153846153846	0.03846153846153846	0.03846153846153846	0.03846153846153846
3.0	0.03846153846153846	0.03846153846153846	0.03846153846153846	0.03846153846153846	0.03846153846153846	0.03846153846153846	0.03846153846153846	0.03846153846153846	0.03846153846153846	0.03846153846153846	0.03846153846153846	0.03846153846153846	0.03846153846153846	0.03846153846153846	0.03846153846153846	0.03846153846153846	0.03846153846153846	0.03846153846153846	0.03846153846153846	0.03846153846153846	0.03846153846153846	0.03846153846153846	0.03846153846153846	0.03846153846153846	0.03846153846153846	0.03846153846153846
4.0	0.03846153846153846	0.03846153846153846	0.03846153846153846	0.03846153846153846	0.03846153846153846	0.03846153846153846	0.03846153846153846	0.03846153846153846	0.03846153846153846	0.03846153846153846	0.03846153846153846	0.03846153846153846	0.03846153846153846	0.03846153846153846	0.03846153846153846	0.03846153846153846	0.03846153846153846	0.03846153846153846	0.03846153846153846	0.03846153846153846	0.03846153846153846	0.03846153846153846	0.03846153846153846	0.03846153846153846	0.03846153846153846	0.03846153846153846
5.0	2.7253154552639453e-05	2.7253154552639453e-05	2.7253154552639453e-05	2.7253154552639453e-05	2.7253154552639453e-05	0.2855504889914918	0.5888742742606694	0.12494841419312748	2.7253154552639453e-05	2.7253154552639453e-05	2.7253154552639453e-05	2.7253154552639453e-05	2.7253154552639453e-05	2.7253154552639453e-05	2.7253154552639453e-05	2.7253154552639453e-05	2.7253154552639453e-05	2.7253154552639453e-05	2.7253154552639453e-05	2.7253154552639453e-05	2.7253154552639453e-05	2.7253154552639453e-05	2.7253154552639453e-05	2.7253154552639453e-05	2.7253154552639453e-05	2.7253154552639453e-05
6.0	1.578457215917164e-05	1.578457215917164e-05	1.578457215917164e-05	1.578457215917164e-05	1.578457215917164e-05	0.2856258579986272	0.5890297034092428	0.12498139343247022	1.578457215917164e-05	1.578457215917164e-05	1.578457215917164e-05	1.578457215917164e-05	1.578457215917164e-05	1.578457215917164e-05	1.578457215917164e-05	1.578457215917164e-05	1.578457215917164e-05	1.578457215917164e-05	1.578457215917164e-05	1.578457215917164e-05	1.578457215917164e-05	1.578457215917164e-05	1.578457215917164e-05	1.578457215917164e-05	1.578457215917164e-05	1.578457215917164e-05
7.0	0.03846153846153846	0.03846153846153846	0.03846153846153846	0.03846153846153846	0.03846153846153846	0.03846153846153846	0.03846153846153846	0.03846153846153846	0.03846153846153846	0.03846153846153846	0.03846153846153846	0.03846153846153846	0.03846153846153846	0.03846153846153846	0.03846153846153846	0.03846153846153846	0.03846153846153846	0.03846153846153846	0.03846153846153846	0.03846153846153846	0.03846153846153846	0.03846153846153846	0.03846153846153846	0.03846153846153846	0.03846153846153846	0.03846153846153846
8.0	0.03846153846153846	0.03846153846153846	0.03846153846153846	0.03846153846153846	0.03846153846153846	0.03846153846153846	0.03846153846153846	0.03846153846153846	0.03846153846153846	0.03846153846153846	0.03846153846153846	0.03846153846153846	0.03846153846153846	0.03846153846153846	0.03846153846153846	0.03846153846153846	0.03846153846153846	0.03846153846153846	0.03846153846153846	0.03846153846153846	0.03846153846153846	0.03846153846153846	0.03846153846153846	0.03846153846153846	0.03846153846153846	0.03846153846153846
9.0	0.03846153846153846	0.03846153846153846	0.03846153846153846	0.03846153846153846	0.03846153846153846	0.03846153846153846	0.03846153846153846	0.03846153846153846	0.03846153846153846	0.03846153846153846	0.03846153846153846	0.03846153846153846	0.03846153846153846	0.03846153846153846	0.03846153846153846	0.03846153846153846	0.03846153846153846	0.03846153846153846	0.03846153846153846	0.03846153846153846	0.03846153846153846	0.03846153846153846	0.03846153846153846	0.03846153846153846	0.03846153846153846	0.03846153846153846
10.0	0.03846153846153846	0.03846153846153846	0.03846153846153846	0.03846153846153846	0.03846153846153846	0.03846153846153846	0.03846153846153846	0.03846153846153846	0.03846153846153846	0.03846153846153846	0.03846153846153846	0.03846153846153846	0.03846153846153846	0.03846153846153846	0.03846153846153846	0.03846153846153846	0.03846153846153846	0.03846153846153846	0.03846153846153846	0.03846153846153846	0.03846153846153846	0.03846153846153846	0.03846153846153846	0.03846153846153846	0.03846153846153846	0.03846153846153846
11.0	0.03846153846153846	0.03846153846153846	0.03846153846153846	0.03846153846153846	0.03846153846153846	0.03846153846153846	0.03846153846153846	0.03846153846153846	0.03846153846153846	0.03846153846153846	0.03846153846153846	0.03846153846153846	0.03846153846153846	0.03846153846153846	0.03846153846153846	0.03846153846153846	0.03846153846153846	0.03846153846153846	0.03846153846153846	0.03846153846153846	0.03846153846153846	0.03846153846153846	0.03846153846153846	0.03846153846153846	0.03846153846153846	0.03846153846153846
12.0	0.03846153846153846	0.03846153846153846	0.03846153846153846	0.03846153846153846	0.03846153846153846	0.03846153846153846	0.03846153846153846	0.03846153846153846	0.03846153846153846	0.03846153846153846	0.03846153846153846	0.03846153846153846	0.03846153846153846	0.03846153846153846	0.03846153846153846	0.03846153846153846	0.03846153846153846	0.03846153846153846	0.03846153846153846	0.03846153846153846	0.03846153846153846	0.03846153846153846	0.03846153846153846	0.03846153846153846	0.03846153846153846	0.03846153846153846
13.0	0.4837074021201086	3.2042057093555557e-06	3.2042057093555557e-06	3.2042057093555557e-06	3.2042057093555557e-06	3.2042057093555557e-06	3.2042057093555557e-06	3.2042057093555557e-06	3.2042057093555557e-06	3.2042057093555557e-06	3.2042057093555557e-06	3.2042057093555557e-06	0.3591562765835178	0.1570626245650579	3.2042057093555557e-06	3.2042057093555557e-06	3.2042057093555557e-06	3.2042057093555557e-06	3.2042057093555557e-06	3.2042057093555557e-06	3.2042057093555557e-06	3.2042057093555557e-06	3.2042057093555557e-06	3.2042057093555557e-06	3.2042057093555557e-06	3.2042057093555557e-06
14.0	4.99940007199136e-06	4.99940007199136e-06	4.99940007199136e-06	4.99940007199136e-06	4.99940007199136e-06	4.99940007199136e-06	4.99940007199136e-06	4.99940007199136e-06	4.99940007199136e-06	4.99940007199136e-06	4.99940007199136e-06	4.99940007199136e-06	4.99940007199136e-06	0.5082890053193615	4.99940007199136e-06	4.99940007199136e-06	0.49159100907891035	4.99940007199136e-06	4.99940007199136e-06	4.99940007199136e-06	4.99940007199136e-06	4.99940007199136e-06	4.99940007199136e-06	4.99940007199136e-06	4.99940007199136e-06	4.99940007199136e-06
15.0	0.03846153846153846	0.03846153846153846	0.03846153846153846	0.03846153846153846	0.03846153846153846	0.03846153846153846	0.03846153846153846	0.03846153846153846	0.03846153846153846	0.03846153846153846	0.03846153846153846	0.03846153846153846	0.03846153846153846	0.03846153846153846	0.03846153846153846	0.03846153846153846	0.03846153846153846	0.03846153846153846	0.03846153846153846	0.03846153846153846	0.03846153846153846	0.03846153846153846	0.03846153846153846	0.03846153846153846	0.03846153846153846	0.03846153846153846
16.0	1.9990404605789245e-05	1.9990404605789245e-05	1.9990404605789245e-05	1.9990404605789245e-05	1.9990404605789245e-05	1.9990404605789245e-05	1.9990404605789245e-05	1.9990404605789245e-05	1.9990404605789245e-05	1.9990404605789245e-05	1.9990404605789245e-05	1.9990404605789245e-05	0.019637632759804725	0.9798825975296575	1.9990404605789245e-05	1.9990404605789245e-05	1.9990404605789245e-05	1.9990404605789245e-05	1.9990404605789245e-05	1.9990404605789245e-05	1.9990404605789245e-05	1.9990404605789245e-05	1.9990404605789245e-05	1.9990404605789245e-05	1.9990404605789245e-05	1.9990404605789245e-05
17.0	0.03846153846153846	0.03846153846153846	0.03846153846153846	0.03846153846153846	0.03846153846153846	0.03846153846153846	0.03846153846153846	0.03846153846153846	0.03846153846153846	0.03846153846153846	0.03846153846153846	0.03846153846153846	0.03846153846153846	0.03846153846153846	0.03846153846153846	0.03846153846153846	0.03846153846153846	0.03846153846153846	0.03846153846153846	0.03846153846153846	0.03846153846153846	0.03846153846153846	0.03846153846153846	0.03846153846153846	0.03846153846153846	0.03846153846153846
18.0	9.997500624843785e-06	9.997500624843785e-06	9.997500624843785e-06	9.997500624843785e-06	9.997500624843785e-06	9.997500624843785e-06	9.997500624843785e-06	9.997500624843785e-06	9.997500624843785e-06	9.997500624843785e-06	9.997500624843785e-06	9.997500624843785e-06	9.997500624843785e-06	9.997500624843785e-06	9.997500624843785e-06	9.997500624843785e-06	9.997500624843785e-06	0.9997500624843784	9.997500624843785e-06	9.997500624843785e-06	9.997500624843785e-06	9.997500624843785e-06	9.997500624843785e-06	9.997500624843785e-06	9.997500624843785e-06	9.997500624843785e-06
19.0	0.03846153846153846	0.03846153846153846	0.03846153846153846	0.03846153846153846	0.03846153846153846	0.03846153846153846	0.03846153846153846	0.03846153846153846	0.03846153846153846	0.03846153846153846	0.03846153846153846	0.03846153846153846	0.03846153846153846	0.03846153846153846	0.03846153846153846	0.03846153846153846	0.03846153846153846	0.03846153846153846	0.03846153846153846	0.03846153846153846	0.03846153846153846	0.03846153846153846	0.03846153846153846	0.03846153846153846	0.03846153846153846	0.03846153846153846
20.0	1.6915142280379288e-05	1.6915142280379288e-05	1.6915142280379288e-05	1.6915142280379288e-05	1.6915142280379288e-05	1.6915142280379288e-05	1.6915142280379288e-05	1.6915142280379288e-05	1.6915142280379288e-05	1.6915142280379288e-05	1.6915142280379288e-05	1.6915142280379288e-05	1.6915142280379288e-05	0.8833978556648794	1.6915142280379288e-05	1.6915142280379288e-05	1.6915142280379288e-05	1.6915142280379288e-05	1.6915142280379288e-05	1.6915142280379288e-05	0.11619618092039233	1.6915142280379288e-05	1.6915142280379288e-05	1.6915142280379288e-05	1.6915142280379288e-05	1.6915142280379288e-05
21.0	2.4432331728994628e-05	2.4432331728994628e-05	2.4432331728994628e-05	2.4432331728994628e-05	2.4432331728994628e-05	2.4432331728994628e-05	2.4432331728994628e-05	2.4432331728994628e-05	2.4432331728994628e-05	2.4432331728994628e-05	2.4432331728994628e-05	2.4432331728994628e-05	2.4432331728994628e-05	0.8832384148808045	2.4432331728994628e-05	2.4432331728994628e-05	2.4432331728994628e-05	2.4432331728994628e-05	2.4432331728994628e-05	2.4432331728994628e-05	0.1161752091576994	2.4432331728994628e-05	2.4432331728994628e-05	2.4432331728994628e-05	2.4432331728994628e-05	2.4432331728994628e-05
22.0	0.03846153846153846	0.03846153846153846	0.03846153846153846	0.03846153846153846	0.03846153846153846	0.03846153846153846	0.03846153846153846	0.03846153846153846	0.03846153846153846	0.03846153846153846	0.03846153846153846	0.03846153846153846	0.03846153846153846	0.03846153846153846	0.03846153846153846	0.03846153846153846	0.03846153846153846	0.03846153846153846	0.03846153846153846	0.03846153846153846	0.03846153846153846	0.03846153846153846	0.03846153846153846	0.03846153846153846	0.03846153846153846	0.03846153846153846
23.0	0.03846153846153846	0.03846153846153846	0.03846153846153846	0.03846153846153846	0.03846153846153846	0.03846153846153846	0.03846153846153846	0.03846153846153846	0.03846153846153846	0.03846153846153846	0.03846153846153846	0.03846153846153846	0.03846153846153846	0.03846153846153846	0.03846153846153846	0.03846153846153846	0.03846153846153846	0.03846153846153846	0.03846153846153846	0.03846153846153846	0.03846153846153846	0.03846153846153846	0.03846153846153846	0.03846153846153846	0.03846153846153846	0.03846153846153846
24.0	9.99750062484379e-06	9.99750062484379e-06	9.99750062484379e-06	9.99750062484379e-06	9.99750062484379e-06	9.99750062484379e-06	9.99750062484379e-06	9.99750062484379e-06	9.99750062484379e-06	9.99750062484379e-06	9.99750062484379e-06	9.99750062484379e-06	9.99750062484379e-06	9.99750062484379e-06	9.99750062484379e-06	9.99750062484379e-06	9.99750062484379e-06	9.99750062484379e-06	9.99750062484379e-06	9.99750062484379e-06	9.99750062484379e-06	9.99750062484379e-06	9.99750062484379e-06	0.9997500624843788	9.99750062484379e-06	9.99750062484379e-06
25.0	0.03846153846153846	0.03846153846153846	0.03846153846153846	0.03846153846153846	0.03846153846153846	0.03846153846153846	0.03846153846153846	0.03846153846153846	0.03846153846153846	0.03846153846153846	0.03846153846153846	0.03846153846153846	0.03846153846153846	0.03846153846153846	0.03846153846153846	0.03846153846153846	0.03846153846153846	0.03846153846153846	0.03846153846153846	0.03846153846153846	0.03846153846153846	0.03846153846153846	0.03846153846153846	0.03846153846153846	0.03846153846153846	0.03846153846153846
26.0	0.03846153846153846	0.03846153846153846	0.03846153846153846	0.03846153846153846	0.03846153846153846	0.03846153846153846	0.03846153846153846	0.03846153846153846	0.03846153846153846	0.03846153846153846	0.03846153846153846	0.03846153846153846	0.03846153846153846	0.03846153846153846	0.03846153846153846	0.03846153846153846	0.03846153846153846	0.03846153846153846	0.03846153846153846	0.03846153846153846	0.03846153846153846	0.03846153846153846	0.03846153846153846	0.03846153846153846	0.03846153846153846	0.03846153846153846
