	(10-11)-1.0	(10-11)-2.0	(10-11)-3.0	(10-11)-4.0	(10-11)-5.0	(10-11)-6.0	(10-11)-7.0	(10-11)-8.0	(10-11)-9.0	(10-11)-10.0	(10-11)-11.0	(10-11)-12.0	(10-11)-13.0	(10-11)-14.0	(10-11)-15.0	(10-11)-16.0	(10-11)-17.0	(10-11)-18.0	(10-11)-19.0	(10-11)-20.0	(10-11)-21.0	(10-11)-22.0	(10-11)-23.0	(10-11)-24.0
1.0	0.999983284167074	7.267753446361676e-07	7.267753446361676e-07	7.267753446361676e-07	7.267753446361676e-07	7.267753446361676e-07	7.267753446361676e-07	7.267753446361676e-07	7.267753446361676e-07	7.267753446361676e-07	7.267753446361676e-07	7.267753446361676e-07	7.267753446361676e-07	7.267753446361676e-07	7.267753446361676e-07	7.267753446361676e-07	7.267753446361676e-07	7.267753446361676e-07	7.267753446361676e-07	7.267753446361676e-07	7.267753446361676e-07	7.267753446361676e-07	7.267753446361676e-07	7.267753446361676e-07
2.0	0.9990315474678783	4.210663183134011e-05	4.210663183134011e-05	4.210663183134011e-05	4.210663183134011e-05	4.210663183134011e-05	4.210663183134011e-05	4.210663183134011e-05	4.210663183134011e-05	4.210663183134011e-05	4.210663183134011e-05	4.210663183134011e-05	4.210663183134011e-05	4.210663183134011e-05	4.210663183134011e-05	4.210663183134011e-05	4.210663183134011e-05	4.210663183134011e-05	4.210663183134011e-05	4.210663183134011e-05	4.210663183134011e-05	4.210663183134011e-05	4.210663183134011e-05	4.210663183134011e-05
3.0	0.5831648812427377	4.096432924924902e-06	0.40964329249249015	4.096432924924902e-06	4.096432924924902e-06	4.096432924924902e-06	4.096432924924902e-06	4.096432924924902e-06	4.096432924924902e-06	4.096432924924902e-06	4.096432924924902e-06	4.096432924924902e-06	4.096432924924902e-06	4.096432924924902e-06	4.096432924924902e-06	4.096432924924902e-06	4.096432924924902e-06	0.0071058011733481806	4.096432924924902e-06	4.096432924924902e-06	4.096432924924902e-06	4.096432924924902e-06	4.096432924924902e-06	4.096432924924902e-06
4.0	0.04166666666666667	0.04166666666666667	0.04166666666666667	0.04166666666666667	0.04166666666666667	0.04166666666666667	0.04166666666666667	0.04166666666666667	0.04166666666666667	0.04166666666666667	0.04166666666666667	0.04166666666666667	0.04166666666666667	0.04166666666666667	0.04166666666666667	0.04166666666666667	0.04166666666666667	0.04166666666666667	0.04166666666666667	0.04166666666666667	0.04166666666666667	0.04166666666666667	0.04166666666666667	0.04166666666666667
5.0	0.04166666666666667	0.04166666666666667	0.04166666666666667	0.04166666666666667	0.04166666666666667	0.04166666666666667	0.04166666666666667	0.04166666666666667	0.04166666666666667	0.04166666666666667	0.04166666666666667	0.04166666666666667	0.04166666666666667	0.04166666666666667	0.04166666666666667	0.04166666666666667	0.04166666666666667	0.04166666666666667	0.04166666666666667	0.04166666666666667	0.04166666666666667	0.04166666666666667	0.04166666666666667	0.04166666666666667
6.0	0.04166666666666667	0.04166666666666667	0.04166666666666667	0.04166666666666667	0.04166666666666667	0.04166666666666667	0.04166666666666667	0.04166666666666667	0.04166666666666667	0.04166666666666667	0.04166666666666667	0.04166666666666667	0.04166666666666667	0.04166666666666667	0.04166666666666667	0.04166666666666667	0.04166666666666667	0.04166666666666667	0.04166666666666667	0.04166666666666667	0.04166666666666667	0.04166666666666667	0.04166666666666667	0.04166666666666667
7.0	0.04166666666666667	0.04166666666666667	0.04166666666666667	0.04166666666666667	0.04166666666666667	0.04166666666666667	0.04166666666666667	0.04166666666666667	0.04166666666666667	0.04166666666666667	0.04166666666666667	0.04166666666666667	0.04166666666666667	0.04166666666666667	0.04166666666666667	0.04166666666666667	0.04166666666666667	0.04166666666666667	0.04166666666666667	0.04166666666666667	0.04166666666666667	0.04166666666666667	0.04166666666666667	0.04166666666666667
8.0	0.04166666666666667	0.04166666666666667	0.04166666666666667	0.04166666666666667	0.04166666666666667	0.04166666666666667	0.04166666666666667	0.04166666666666667	0.04166666666666667	0.04166666666666667	0.04166666666666667	0.04166666666666667	0.04166666666666667	0.04166666666666667	0.04166666666666667	0.04166666666666667	0.04166666666666667	0.04166666666666667	0.04166666666666667	0.04166666666666667	0.04166666666666667	0.04166666666666667	0.04166666666666667	0.04166666666666667
9.0	0.04166666666666667	0.04166666666666667	0.04166666666666667	0.04166666666666667	0.04166666666666667	0.04166666666666667	0.04166666666666667	0.04166666666666667	0.04166666666666667	0.04166666666666667	0.04166666666666667	0.04166666666666667	0.04166666666666667	0.04166666666666667	0.04166666666666667	0.04166666666666667	0.04166666666666667	0.04166666666666667	0.04166666666666667	0.04166666666666667	0.04166666666666667	0.04166666666666667	0.04166666666666667	0.04166666666666667
10.0	0.04166666666666667	0.04166666666666667	0.04166666666666667	0.04166666666666667	0.04166666666666667	0.04166666666666667	0.04166666666666667	0.04166666666666667	0.04166666666666667	0.04166666666666667	0.04166666666666667	0.04166666666666667	0.04166666666666667	0.04166666666666667	0.04166666666666667	0.04166666666666667	0.04166666666666667	0.04166666666666667	0.04166666666666667	0.04166666666666667	0.04166666666666667	0.04166666666666667	0.04166666666666667	0.04166666666666667
11.0	0.04166666666666667	0.04166666666666667	0.04166666666666667	0.04166666666666667	0.04166666666666667	0.04166666666666667	0.04166666666666667	0.04166666666666667	0.04166666666666667	0.04166666666666667	0.04166666666666667	0.04166666666666667	0.04166666666666667	0.04166666666666667	0.04166666666666667	0.04166666666666667	0.04166666666666667	0.04166666666666667	0.04166666666666667	0.04166666666666667	0.04166666666666667	0.04166666666666667	0.04166666666666667	0.04166666666666667
12.0	0.04166666666666667	0.04166666666666667	0.04166666666666667	0.04166666666666667	0.04166666666666667	0.04166666666666667	0.04166666666666667	0.04166666666666667	0.04166666666666667	0.04166666666666667	0.04166666666666667	0.04166666666666667	0.04166666666666667	0.04166666666666667	0.04166666666666667	0.04166666666666667	0.04166666666666667	0.04166666666666667	0.04166666666666667	0.04166666666666667	0.04166666666666667	0.04166666666666667	0.04166666666666667	0.04166666666666667
13.0	0.04166666666666667	0.04166666666666667	0.04166666666666667	0.04166666666666667	0.04166666666666667	0.04166666666666667	0.04166666666666667	0.04166666666666667	0.04166666666666667	0.04166666666666667	0.04166666666666667	0.04166666666666667	0.04166666666666667	0.04166666666666667	0.04166666666666667	0.04166666666666667	0.04166666666666667	0.04166666666666667	0.04166666666666667	0.04166666666666667	0.04166666666666667	0.04166666666666667	0.04166666666666667	0.04166666666666667
14.0	0.04166666666666667	0.04166666666666667	0.04166666666666667	0.04166666666666667	0.04166666666666667	0.04166666666666667	0.04166666666666667	0.04166666666666667	0.04166666666666667	0.04166666666666667	0.04166666666666667	0.04166666666666667	0.04166666666666667	0.04166666666666667	0.04166666666666667	0.04166666666666667	0.04166666666666667	0.04166666666666667	0.04166666666666667	0.04166666666666667	0.04166666666666667	0.04166666666666667	0.04166666666666667	0.04166666666666667
15.0	0.04166666666666667	0.04166666666666667	0.04166666666666667	0.04166666666666667	0.04166666666666667	0.04166666666666667	0.04166666666666667	0.04166666666666667	0.04166666666666667	0.04166666666666667	0.04166666666666667	0.04166666666666667	0.04166666666666667	0.04166666666666667	0.04166666666666667	0.04166666666666667	0.04166666666666667	0.04166666666666667	0.04166666666666667	0.04166666666666667	0.04166666666666667	0.04166666666666667	0.04166666666666667	0.04166666666666667
16.0	0.04166666666666667	0.04166666666666667	0.04166666666666667	0.04166666666666667	0.04166666666666667	0.04166666666666667	0.04166666666666667	0.04166666666666667	0.04166666666666667	0.04166666666666667	0.04166666666666667	0.04166666666666667	0.04166666666666667	0.04166666666666667	0.04166666666666667	0.04166666666666667	0.04166666666666667	0.04166666666666667	0.04166666666666667	0.04166666666666667	0.04166666666666667	0.04166666666666667	0.04166666666666667	0.04166666666666667
17.0	0.04166666666666667	0.04166666666666667	0.04166666666666667	0.04166666666666667	0.04166666666666667	0.04166666666666667	0.04166666666666667	0.04166666666666667	0.04166666666666667	0.04166666666666667	0.04166666666666667	0.04166666666666667	0.04166666666666667	0.04166666666666667	0.04166666666666667	0.04166666666666667	0.04166666666666667	0.04166666666666667	0.04166666666666667	0.04166666666666667	0.04166666666666667	0.04166666666666667	0.04166666666666667	0.04166666666666667
18.0	0.9496800826435284	1.5307050548949545e-05	1.5307050548949545e-05	1.5307050548949545e-05	1.5307050548949545e-05	1.5307050548949545e-05	1.5307050548949545e-05	1.5307050548949545e-05	1.5307050548949545e-05	1.5307050548949545e-05	1.5307050548949545e-05	1.5307050548949545e-05	1.5307050548949545e-05	1.5307050548949545e-05	1.5307050548949545e-05	1.5307050548949545e-05	1.5307050548949545e-05	0.04998316224439624	1.5307050548949545e-05	1.5307050548949545e-05	1.5307050548949545e-05	1.5307050548949545e-05	1.5307050548949545e-05	1.5307050548949545e-05
19.0	0.04166666666666667	0.04166666666666667	0.04166666666666667	0.04166666666666667	0.04166666666666667	0.04166666666666667	0.04166666666666667	0.04166666666666667	0.04166666666666667	0.04166666666666667	0.04166666666666667	0.04166666666666667	0.04166666666666667	0.04166666666666667	0.04166666666666667	0.04166666666666667	0.04166666666666667	0.04166666666666667	0.04166666666666667	0.04166666666666667	0.04166666666666667	0.04166666666666667	0.04166666666666667	0.04166666666666667
20.0	0.04166666666666667	0.04166666666666667	0.04166666666666667	0.04166666666666667	0.04166666666666667	0.04166666666666667	0.04166666666666667	0.04166666666666667	0.04166666666666667	0.04166666666666667	0.04166666666666667	0.04166666666666667	0.04166666666666667	0.04166666666666667	0.04166666666666667	0.04166666666666667	0.04166666666666667	0.04166666666666667	0.04166666666666667	0.04166666666666667	0.04166666666666667	0.04166666666666667	0.04166666666666667	0.04166666666666667
21.0	0.2915608566115454	9.99780048389354e-06	9.99780048389354e-06	9.99780048389354e-06	9.99780048389354e-06	9.99780048389354e-06	9.99780048389354e-06	9.99780048389354e-06	9.99780048389354e-06	9.99780048389354e-06	9.99780048389354e-06	9.99780048389354e-06	9.99780048389354e-06	9.99780048389354e-06	9.99780048389354e-06	9.99780048389354e-06	9.99780048389354e-06	9.99780048389354e-06	9.99780048389354e-06	9.99780048389354e-06	0.7082191917778087	9.99780048389354e-06	9.99780048389354e-06	9.99780048389354e-06
22.0	0.9997362615650198	1.1466888477453025e-05	1.1466888477453025e-05	1.1466888477453025e-05	1.1466888477453025e-05	1.1466888477453025e-05	1.1466888477453025e-05	1.1466888477453025e-05	1.1466888477453025e-05	1.1466888477453025e-05	1.1466888477453025e-05	1.1466888477453025e-05	1.1466888477453025e-05	1.1466888477453025e-05	1.1466888477453025e-05	1.1466888477453025e-05	1.1466888477453025e-05	1.1466888477453025e-05	1.1466888477453025e-05	1.1466888477453025e-05	1.1466888477453025e-05	1.1466888477453025e-05	1.1466888477453025e-05	1.1466888477453025e-05
23.0	0.04166666666666667	0.04166666666666667	0.04166666666666667	0.04166666666666667	0.04166666666666667	0.04166666666666667	0.04166666666666667	0.04166666666666667	0.04166666666666667	0.04166666666666667	0.04166666666666667	0.04166666666666667	0.04166666666666667	0.04166666666666667	0.04166666666666667	0.04166666666666667	0.04166666666666667	0.04166666666666667	0.04166666666666667	0.04166666666666667	0.04166666666666667	0.04166666666666667	0.04166666666666667	0.04166666666666667
24.0	0.9939361240532554	0.00026364678029316523	0.00026364678029316523	0.00026364678029316523	0.00026364678029316523	0.00026364678029316523	0.00026364678029316523	0.00026364678029316523	0.00026364678029316523	0.00026364678029316523	0.00026364678029316523	0.00026364678029316523	0.00026364678029316523	0.00026364678029316523	0.00026364678029316523	0.00026364678029316523	0.00026364678029316523	0.00026364678029316523	0.00026364678029316523	0.00026364678029316523	0.00026364678029316523	0.00026364678029316523	0.00026364678029316523	0.00026364678029316523
