	(12-13)-1.0	(12-13)-2.0	(12-13)-3.0	(12-13)-4.0	(12-13)-5.0	(12-13)-6.0	(12-13)-7.0	(12-13)-8.0	(12-13)-9.0	(12-13)-10.0	(12-13)-11.0	(12-13)-12.0	(12-13)-13.0	(12-13)-14.0	(12-13)-15.0	(12-13)-16.0	(12-13)-17.0	(12-13)-18.0	(12-13)-19.0	(12-13)-20.0	(12-13)-21.0
1.0	0.8349257545756584	3.103318792560723e-06	3.103318792560723e-06	3.103318792560723e-06	3.103318792560723e-06	3.103318792560723e-06	0.16501528236728244	3.103318792560723e-06	3.103318792560723e-06	3.103318792560723e-06	3.103318792560723e-06	3.103318792560723e-06	3.103318792560723e-06	3.103318792560723e-06	3.103318792560723e-06	3.103318792560723e-06	3.103318792560723e-06	3.103318792560723e-06	3.103318792560723e-06	3.103318792560723e-06	3.103318792560723e-06
2.0	0.04761904761904762	0.04761904761904762	0.04761904761904762	0.04761904761904762	0.04761904761904762	0.04761904761904762	0.04761904761904762	0.04761904761904762	0.04761904761904762	0.04761904761904762	0.04761904761904762	0.04761904761904762	0.04761904761904762	0.04761904761904762	0.04761904761904762	0.04761904761904762	0.04761904761904762	0.04761904761904762	0.04761904761904762	0.04761904761904762	0.04761904761904762
3.0	0.04761904761904762	0.04761904761904762	0.04761904761904762	0.04761904761904762	0.04761904761904762	0.04761904761904762	0.04761904761904762	0.04761904761904762	0.04761904761904762	0.04761904761904762	0.04761904761904762	0.04761904761904762	0.04761904761904762	0.04761904761904762	0.04761904761904762	0.04761904761904762	0.04761904761904762	0.04761904761904762	0.04761904761904762	0.04761904761904762	0.04761904761904762
4.0	0.04761904761904762	0.04761904761904762	0.04761904761904762	0.04761904761904762	0.04761904761904762	0.04761904761904762	0.04761904761904762	0.04761904761904762	0.04761904761904762	0.04761904761904762	0.04761904761904762	0.04761904761904762	0.04761904761904762	0.04761904761904762	0.04761904761904762	0.04761904761904762	0.04761904761904762	0.04761904761904762	0.04761904761904762	0.04761904761904762	0.04761904761904762
5.0	0.04761904761904762	0.04761904761904762	0.04761904761904762	0.04761904761904762	0.04761904761904762	0.04761904761904762	0.04761904761904762	0.04761904761904762	0.04761904761904762	0.04761904761904762	0.04761904761904762	0.04761904761904762	0.04761904761904762	0.04761904761904762	0.04761904761904762	0.04761904761904762	0.04761904761904762	0.04761904761904762	0.04761904761904762	0.04761904761904762	0.04761904761904762
6.0	0.04761904761904762	0.04761904761904762	0.04761904761904762	0.04761904761904762	0.04761904761904762	0.04761904761904762	0.04761904761904762	0.04761904761904762	0.04761904761904762	0.04761904761904762	0.04761904761904762	0.04761904761904762	0.04761904761904762	0.04761904761904762	0.04761904761904762	0.04761904761904762	0.04761904761904762	0.04761904761904762	0.04761904761904762	0.04761904761904762	0.04761904761904762
7.0	3.599668830467596e-06	3.599668830467596e-06	3.599668830467596e-06	3.599668830467596e-06	3.599668830467596e-06	3.599668830467596e-06	0.9999280066233903	3.599668830467596e-06	3.599668830467596e-06	3.599668830467596e-06	3.599668830467596e-06	3.599668830467596e-06	3.599668830467596e-06	3.599668830467596e-06	3.599668830467596e-06	3.599668830467596e-06	3.599668830467596e-06	3.599668830467596e-06	3.599668830467596e-06	3.599668830467596e-06	3.599668830467596e-06
8.0	0.04761904761904762	0.04761904761904762	0.04761904761904762	0.04761904761904762	0.04761904761904762	0.04761904761904762	0.04761904761904762	0.04761904761904762	0.04761904761904762	0.04761904761904762	0.04761904761904762	0.04761904761904762	0.04761904761904762	0.04761904761904762	0.04761904761904762	0.04761904761904762	0.04761904761904762	0.04761904761904762	0.04761904761904762	0.04761904761904762	0.04761904761904762
9.0	0.04761904761904762	0.04761904761904762	0.04761904761904762	0.04761904761904762	0.04761904761904762	0.04761904761904762	0.04761904761904762	0.04761904761904762	0.04761904761904762	0.04761904761904762	0.04761904761904762	0.04761904761904762	0.04761904761904762	0.04761904761904762	0.04761904761904762	0.04761904761904762	0.04761904761904762	0.04761904761904762	0.04761904761904762	0.04761904761904762	0.04761904761904762
10.0	0.04761904761904762	0.04761904761904762	0.04761904761904762	0.04761904761904762	0.04761904761904762	0.04761904761904762	0.04761904761904762	0.04761904761904762	0.04761904761904762	0.04761904761904762	0.04761904761904762	0.04761904761904762	0.04761904761904762	0.04761904761904762	0.04761904761904762	0.04761904761904762	0.04761904761904762	0.04761904761904762	0.04761904761904762	0.04761904761904762	0.04761904761904762
11.0	0.04761904761904762	0.04761904761904762	0.04761904761904762	0.04761904761904762	0.04761904761904762	0.04761904761904762	0.04761904761904762	0.04761904761904762	0.04761904761904762	0.04761904761904762	0.04761904761904762	0.04761904761904762	0.04761904761904762	0.04761904761904762	0.04761904761904762	0.04761904761904762	0.04761904761904762	0.04761904761904762	0.04761904761904762	0.04761904761904762	0.04761904761904762
12.0	0.04761904761904762	0.04761904761904762	0.04761904761904762	0.04761904761904762	0.04761904761904762	0.04761904761904762	0.04761904761904762	0.04761904761904762	0.04761904761904762	0.04761904761904762	0.04761904761904762	0.04761904761904762	0.04761904761904762	0.04761904761904762	0.04761904761904762	0.04761904761904762	0.04761904761904762	0.04761904761904762	0.04761904761904762	0.04761904761904762	0.04761904761904762
13.0	0.04761904761904762	0.04761904761904762	0.04761904761904762	0.04761904761904762	0.04761904761904762	0.04761904761904762	0.04761904761904762	0.04761904761904762	0.04761904761904762	0.04761904761904762	0.04761904761904762	0.04761904761904762	0.04761904761904762	0.04761904761904762	0.04761904761904762	0.04761904761904762	0.04761904761904762	0.04761904761904762	0.04761904761904762	0.04761904761904762	0.04761904761904762
14.0	0.04761904761904762	0.04761904761904762	0.04761904761904762	0.04761904761904762	0.04761904761904762	0.04761904761904762	0.04761904761904762	0.04761904761904762	0.04761904761904762	0.04761904761904762	0.04761904761904762	0.04761904761904762	0.04761904761904762	0.04761904761904762	0.04761904761904762	0.04761904761904762	0.04761904761904762	0.04761904761904762	0.04761904761904762	0.04761904761904762	0.04761904761904762
15.0	0.04761904761904762	0.04761904761904762	0.04761904761904762	0.04761904761904762	0.04761904761904762	0.04761904761904762	0.04761904761904762	0.04761904761904762	0.04761904761904762	0.04761904761904762	0.04761904761904762	0.04761904761904762	0.04761904761904762	0.04761904761904762	0.04761904761904762	0.04761904761904762	0.04761904761904762	0.04761904761904762	0.04761904761904762	0.04761904761904762	0.04761904761904762
16.0	0.04761904761904762	0.04761904761904762	0.04761904761904762	0.04761904761904762	0.04761904761904762	0.04761904761904762	0.04761904761904762	0.04761904761904762	0.04761904761904762	0.04761904761904762	0.04761904761904762	0.04761904761904762	0.04761904761904762	0.04761904761904762	0.04761904761904762	0.04761904761904762	0.04761904761904762	0.04761904761904762	0.04761904761904762	0.04761904761904762	0.04761904761904762
17.0	0.04761904761904762	0.04761904761904762	0.04761904761904762	0.04761904761904762	0.04761904761904762	0.04761904761904762	0.04761904761904762	0.04761904761904762	0.04761904761904762	0.04761904761904762	0.04761904761904762	0.04761904761904762	0.04761904761904762	0.04761904761904762	0.04761904761904762	0.04761904761904762	0.04761904761904762	0.04761904761904762	0.04761904761904762	0.04761904761904762	0.04761904761904762
18.0	0.04761904761904762	0.04761904761904762	0.04761904761904762	0.04761904761904762	0.04761904761904762	0.04761904761904762	0.04761904761904762	0.04761904761904762	0.04761904761904762	0.04761904761904762	0.04761904761904762	0.04761904761904762	0.04761904761904762	0.04761904761904762	0.04761904761904762	0.04761904761904762	0.04761904761904762	0.04761904761904762	0.04761904761904762	0.04761904761904762	0.04761904761904762
19.0	2.998590662388678e-05	2.998590662388678e-05	2.998590662388678e-05	2.998590662388678e-05	2.998590662388678e-05	2.998590662388678e-05	2.998590662388678e-05	2.998590662388678e-05	2.998590662388678e-05	2.998590662388678e-05	2.998590662388678e-05	2.998590662388678e-05	2.998590662388678e-05	2.998590662388678e-05	2.998590662388678e-05	2.998590662388678e-05	2.998590662388678e-05	2.998590662388678e-05	2.998590662388678e-05	0.06517740105478978	0.9342528667193564
20.0	1.4994976682811262e-05	1.4994976682811262e-05	1.4994976682811262e-05	1.4994976682811262e-05	1.4994976682811262e-05	1.4994976682811262e-05	1.4994976682811262e-05	1.4994976682811262e-05	1.4994976682811262e-05	1.4994976682811262e-05	1.4994976682811262e-05	1.4994976682811262e-05	1.4994976682811262e-05	1.4994976682811262e-05	1.4994976682811262e-05	1.4994976682811262e-05	1.4994976682811262e-05	1.4994976682811262e-05	1.4994976682811262e-05	0.06519597596472067	0.9345191194783059
21.0	0.04761904761904762	0.04761904761904762	0.04761904761904762	0.04761904761904762	0.04761904761904762	0.04761904761904762	0.04761904761904762	0.04761904761904762	0.04761904761904762	0.04761904761904762	0.04761904761904762	0.04761904761904762	0.04761904761904762	0.04761904761904762	0.04761904761904762	0.04761904761904762	0.04761904761904762	0.04761904761904762	0.04761904761904762	0.04761904761904762	0.04761904761904762
