	(21-22)-1.0	(21-22)-2.0	(21-22)-3.0	(21-22)-4.0	(21-22)-5.0	(21-22)-6.0	(21-22)-7.0	(21-22)-8.0	(21-22)-9.0	(21-22)-10.0	(21-22)-11.0	(21-22)-12.0	(21-22)-13.0	(21-22)-14.0	(21-22)-15.0	(21-22)-16.0	(21-22)-17.0	(21-22)-18.0	(21-22)-19.0	(21-22)-20.0	(21-22)-21.0	(21-22)-22.0	(21-22)-23.0	(21-22)-24.0	(21-22)-25.0	(21-22)-26.0	(21-22)-27.0	(21-22)-28.0
1.0	0.8993842659369626	2.049073171500019e-06	2.049073171500019e-06	2.049073171500019e-06	2.049073171500019e-06	2.049073171500019e-06	2.049073171500019e-06	2.049073171500019e-06	2.049073171500019e-06	0.10056245816058036	2.049073171500019e-06	2.049073171500019e-06	2.049073171500019e-06	2.049073171500019e-06	2.049073171500019e-06	2.049073171500019e-06	2.049073171500019e-06	2.049073171500019e-06	2.049073171500019e-06	2.049073171500019e-06	2.049073171500019e-06	2.049073171500019e-06	2.049073171500019e-06	2.049073171500019e-06	2.049073171500019e-06	2.049073171500019e-06	2.049073171500019e-06	2.049073171500019e-06
2.0	0.035714285714285705	0.035714285714285705	0.035714285714285705	0.035714285714285705	0.035714285714285705	0.035714285714285705	0.035714285714285705	0.035714285714285705	0.035714285714285705	0.035714285714285705	0.035714285714285705	0.035714285714285705	0.035714285714285705	0.035714285714285705	0.035714285714285705	0.035714285714285705	0.035714285714285705	0.035714285714285705	0.035714285714285705	0.035714285714285705	0.035714285714285705	0.035714285714285705	0.035714285714285705	0.035714285714285705	0.035714285714285705	0.035714285714285705	0.035714285714285705	0.035714285714285705
3.0	0.035714285714285705	0.035714285714285705	0.035714285714285705	0.035714285714285705	0.035714285714285705	0.035714285714285705	0.035714285714285705	0.035714285714285705	0.035714285714285705	0.035714285714285705	0.035714285714285705	0.035714285714285705	0.035714285714285705	0.035714285714285705	0.035714285714285705	0.035714285714285705	0.035714285714285705	0.035714285714285705	0.035714285714285705	0.035714285714285705	0.035714285714285705	0.035714285714285705	0.035714285714285705	0.035714285714285705	0.035714285714285705	0.035714285714285705	0.035714285714285705	0.035714285714285705
4.0	0.035714285714285705	0.035714285714285705	0.035714285714285705	0.035714285714285705	0.035714285714285705	0.035714285714285705	0.035714285714285705	0.035714285714285705	0.035714285714285705	0.035714285714285705	0.035714285714285705	0.035714285714285705	0.035714285714285705	0.035714285714285705	0.035714285714285705	0.035714285714285705	0.035714285714285705	0.035714285714285705	0.035714285714285705	0.035714285714285705	0.035714285714285705	0.035714285714285705	0.035714285714285705	0.035714285714285705	0.035714285714285705	0.035714285714285705	0.035714285714285705	0.035714285714285705
5.0	0.035714285714285705	0.035714285714285705	0.035714285714285705	0.035714285714285705	0.035714285714285705	0.035714285714285705	0.035714285714285705	0.035714285714285705	0.035714285714285705	0.035714285714285705	0.035714285714285705	0.035714285714285705	0.035714285714285705	0.035714285714285705	0.035714285714285705	0.035714285714285705	0.035714285714285705	0.035714285714285705	0.035714285714285705	0.035714285714285705	0.035714285714285705	0.035714285714285705	0.035714285714285705	0.035714285714285705	0.035714285714285705	0.035714285714285705	0.035714285714285705	0.035714285714285705
6.0	0.035714285714285705	0.035714285714285705	0.035714285714285705	0.035714285714285705	0.035714285714285705	0.035714285714285705	0.035714285714285705	0.035714285714285705	0.035714285714285705	0.035714285714285705	0.035714285714285705	0.035714285714285705	0.035714285714285705	0.035714285714285705	0.035714285714285705	0.035714285714285705	0.035714285714285705	0.035714285714285705	0.035714285714285705	0.035714285714285705	0.035714285714285705	0.035714285714285705	0.035714285714285705	0.035714285714285705	0.035714285714285705	0.035714285714285705	0.035714285714285705	0.035714285714285705
7.0	9.997300728803211e-06	9.997300728803211e-06	9.997300728803211e-06	9.997300728803211e-06	9.997300728803211e-06	9.997300728803211e-06	0.999730072880321	9.997300728803211e-06	9.997300728803211e-06	9.997300728803211e-06	9.997300728803211e-06	9.997300728803211e-06	9.997300728803211e-06	9.997300728803211e-06	9.997300728803211e-06	9.997300728803211e-06	9.997300728803211e-06	9.997300728803211e-06	9.997300728803211e-06	9.997300728803211e-06	9.997300728803211e-06	9.997300728803211e-06	9.997300728803211e-06	9.997300728803211e-06	9.997300728803211e-06	9.997300728803211e-06	9.997300728803211e-06	9.997300728803211e-06
8.0	0.035714285714285705	0.035714285714285705	0.035714285714285705	0.035714285714285705	0.035714285714285705	0.035714285714285705	0.035714285714285705	0.035714285714285705	0.035714285714285705	0.035714285714285705	0.035714285714285705	0.035714285714285705	0.035714285714285705	0.035714285714285705	0.035714285714285705	0.035714285714285705	0.035714285714285705	0.035714285714285705	0.035714285714285705	0.035714285714285705	0.035714285714285705	0.035714285714285705	0.035714285714285705	0.035714285714285705	0.035714285714285705	0.035714285714285705	0.035714285714285705	0.035714285714285705
9.0	0.035714285714285705	0.035714285714285705	0.035714285714285705	0.035714285714285705	0.035714285714285705	0.035714285714285705	0.035714285714285705	0.035714285714285705	0.035714285714285705	0.035714285714285705	0.035714285714285705	0.035714285714285705	0.035714285714285705	0.035714285714285705	0.035714285714285705	0.035714285714285705	0.035714285714285705	0.035714285714285705	0.035714285714285705	0.035714285714285705	0.035714285714285705	0.035714285714285705	0.035714285714285705	0.035714285714285705	0.035714285714285705	0.035714285714285705	0.035714285714285705	0.035714285714285705
10.0	0.44134704042562384	8.314984919972089e-05	8.314984919972089e-05	8.314984919972089e-05	8.314984919972089e-05	8.314984919972089e-05	8.314984919972089e-05	8.314984919972089e-05	8.314984919972089e-05	0.5564910634951838	8.314984919972089e-05	8.314984919972089e-05	8.314984919972089e-05	8.314984919972089e-05	8.314984919972089e-05	8.314984919972089e-05	8.314984919972089e-05	8.314984919972089e-05	8.314984919972089e-05	8.314984919972089e-05	8.314984919972089e-05	8.314984919972089e-05	8.314984919972089e-05	8.314984919972089e-05	8.314984919972089e-05	8.314984919972089e-05	8.314984919972089e-05	8.314984919972089e-05
11.0	0.8052906244376458	9.99740067582428e-06	9.99740067582428e-06	9.99740067582428e-06	9.99740067582428e-06	9.99740067582428e-06	9.99740067582428e-06	9.99740067582428e-06	9.99740067582428e-06	9.99740067582428e-06	9.99740067582428e-06	0.19444944314478224	9.99740067582428e-06	9.99740067582428e-06	9.99740067582428e-06	9.99740067582428e-06	9.99740067582428e-06	9.99740067582428e-06	9.99740067582428e-06	9.99740067582428e-06	9.99740067582428e-06	9.99740067582428e-06	9.99740067582428e-06	9.99740067582428e-06	9.99740067582428e-06	9.99740067582428e-06	9.99740067582428e-06	9.99740067582428e-06
12.0	0.035714285714285705	0.035714285714285705	0.035714285714285705	0.035714285714285705	0.035714285714285705	0.035714285714285705	0.035714285714285705	0.035714285714285705	0.035714285714285705	0.035714285714285705	0.035714285714285705	0.035714285714285705	0.035714285714285705	0.035714285714285705	0.035714285714285705	0.035714285714285705	0.035714285714285705	0.035714285714285705	0.035714285714285705	0.035714285714285705	0.035714285714285705	0.035714285714285705	0.035714285714285705	0.035714285714285705	0.035714285714285705	0.035714285714285705	0.035714285714285705	0.035714285714285705
13.0	0.035714285714285705	0.035714285714285705	0.035714285714285705	0.035714285714285705	0.035714285714285705	0.035714285714285705	0.035714285714285705	0.035714285714285705	0.035714285714285705	0.035714285714285705	0.035714285714285705	0.035714285714285705	0.035714285714285705	0.035714285714285705	0.035714285714285705	0.035714285714285705	0.035714285714285705	0.035714285714285705	0.035714285714285705	0.035714285714285705	0.035714285714285705	0.035714285714285705	0.035714285714285705	0.035714285714285705	0.035714285714285705	0.035714285714285705	0.035714285714285705	0.035714285714285705
14.0	0.035714285714285705	0.035714285714285705	0.035714285714285705	0.035714285714285705	0.035714285714285705	0.035714285714285705	0.035714285714285705	0.035714285714285705	0.035714285714285705	0.035714285714285705	0.035714285714285705	0.035714285714285705	0.035714285714285705	0.035714285714285705	0.035714285714285705	0.035714285714285705	0.035714285714285705	0.035714285714285705	0.035714285714285705	0.035714285714285705	0.035714285714285705	0.035714285714285705	0.035714285714285705	0.035714285714285705	0.035714285714285705	0.035714285714285705	0.035714285714285705	0.035714285714285705
15.0	0.035714285714285705	0.035714285714285705	0.035714285714285705	0.035714285714285705	0.035714285714285705	0.035714285714285705	0.035714285714285705	0.035714285714285705	0.035714285714285705	0.035714285714285705	0.035714285714285705	0.035714285714285705	0.035714285714285705	0.035714285714285705	0.035714285714285705	0.035714285714285705	0.035714285714285705	0.035714285714285705	0.035714285714285705	0.035714285714285705	0.035714285714285705	0.035714285714285705	0.035714285714285705	0.035714285714285705	0.035714285714285705	0.035714285714285705	0.035714285714285705	0.035714285714285705
16.0	0.035714285714285705	0.035714285714285705	0.035714285714285705	0.035714285714285705	0.035714285714285705	0.035714285714285705	0.035714285714285705	0.035714285714285705	0.035714285714285705	0.035714285714285705	0.035714285714285705	0.035714285714285705	0.035714285714285705	0.035714285714285705	0.035714285714285705	0.035714285714285705	0.035714285714285705	0.035714285714285705	0.035714285714285705	0.035714285714285705	0.035714285714285705	0.035714285714285705	0.035714285714285705	0.035714285714285705	0.035714285714285705	0.035714285714285705	0.035714285714285705	0.035714285714285705
17.0	0.035714285714285705	0.035714285714285705	0.035714285714285705	0.035714285714285705	0.035714285714285705	0.035714285714285705	0.035714285714285705	0.035714285714285705	0.035714285714285705	0.035714285714285705	0.035714285714285705	0.035714285714285705	0.035714285714285705	0.035714285714285705	0.035714285714285705	0.035714285714285705	0.035714285714285705	0.035714285714285705	0.035714285714285705	0.035714285714285705	0.035714285714285705	0.035714285714285705	0.035714285714285705	0.035714285714285705	0.035714285714285705	0.035714285714285705	0.035714285714285705	0.035714285714285705
18.0	0.035714285714285705	0.035714285714285705	0.035714285714285705	0.035714285714285705	0.035714285714285705	0.035714285714285705	0.035714285714285705	0.035714285714285705	0.035714285714285705	0.035714285714285705	0.035714285714285705	0.035714285714285705	0.035714285714285705	0.035714285714285705	0.035714285714285705	0.035714285714285705	0.035714285714285705	0.035714285714285705	0.035714285714285705	0.035714285714285705	0.035714285714285705	0.035714285714285705	0.035714285714285705	0.035714285714285705	0.035714285714285705	0.035714285714285705	0.035714285714285705	0.035714285714285705
19.0	0.035714285714285705	0.035714285714285705	0.035714285714285705	0.035714285714285705	0.035714285714285705	0.035714285714285705	0.035714285714285705	0.035714285714285705	0.035714285714285705	0.035714285714285705	0.035714285714285705	0.035714285714285705	0.035714285714285705	0.035714285714285705	0.035714285714285705	0.035714285714285705	0.035714285714285705	0.035714285714285705	0.035714285714285705	0.035714285714285705	0.035714285714285705	0.035714285714285705	0.035714285714285705	0.035714285714285705	0.035714285714285705	0.035714285714285705	0.035714285714285705	0.035714285714285705
20.0	0.035714285714285705	0.035714285714285705	0.035714285714285705	0.035714285714285705	0.035714285714285705	0.035714285714285705	0.035714285714285705	0.035714285714285705	0.035714285714285705	0.035714285714285705	0.035714285714285705	0.035714285714285705	0.035714285714285705	0.035714285714285705	0.035714285714285705	0.035714285714285705	0.035714285714285705	0.035714285714285705	0.035714285714285705	0.035714285714285705	0.035714285714285705	0.035714285714285705	0.035714285714285705	0.035714285714285705	0.035714285714285705	0.035714285714285705	0.035714285714285705	0.035714285714285705
21.0	0.035714285714285705	0.035714285714285705	0.035714285714285705	0.035714285714285705	0.035714285714285705	0.035714285714285705	0.035714285714285705	0.035714285714285705	0.035714285714285705	0.035714285714285705	0.035714285714285705	0.035714285714285705	0.035714285714285705	0.035714285714285705	0.035714285714285705	0.035714285714285705	0.035714285714285705	0.035714285714285705	0.035714285714285705	0.035714285714285705	0.035714285714285705	0.035714285714285705	0.035714285714285705	0.035714285714285705	0.035714285714285705	0.035714285714285705	0.035714285714285705	0.035714285714285705
22.0	0.035714285714285705	0.035714285714285705	0.035714285714285705	0.035714285714285705	0.035714285714285705	0.035714285714285705	0.035714285714285705	0.035714285714285705	0.035714285714285705	0.035714285714285705	0.035714285714285705	0.035714285714285705	0.035714285714285705	0.035714285714285705	0.035714285714285705	0.035714285714285705	0.035714285714285705	0.035714285714285705	0.035714285714285705	0.035714285714285705	0.035714285714285705	0.035714285714285705	0.035714285714285705	0.035714285714285705	0.035714285714285705	0.035714285714285705	0.035714285714285705	0.035714285714285705
23.0	0.035714285714285705	0.035714285714285705	0.035714285714285705	0.035714285714285705	0.035714285714285705	0.035714285714285705	0.035714285714285705	0.035714285714285705	0.035714285714285705	0.035714285714285705	0.035714285714285705	0.035714285714285705	0.035714285714285705	0.035714285714285705	0.035714285714285705	0.035714285714285705	0.035714285714285705	0.035714285714285705	0.035714285714285705	0.035714285714285705	0.035714285714285705	0.035714285714285705	0.035714285714285705	0.035714285714285705	0.035714285714285705	0.035714285714285705	0.035714285714285705	0.035714285714285705
24.0	0.035714285714285705	0.035714285714285705	0.035714285714285705	0.035714285714285705	0.035714285714285705	0.035714285714285705	0.035714285714285705	0.035714285714285705	0.035714285714285705	0.035714285714285705	0.035714285714285705	0.035714285714285705	0.035714285714285705	0.035714285714285705	0.035714285714285705	0.035714285714285705	0.035714285714285705	0.035714285714285705	0.035714285714285705	0.035714285714285705	0.035714285714285705	0.035714285714285705	0.035714285714285705	0.035714285714285705	0.035714285714285705	0.035714285714285705	0.035714285714285705	0.035714285714285705
25.0	0.035714285714285705	0.035714285714285705	0.035714285714285705	0.035714285714285705	0.035714285714285705	0.035714285714285705	0.035714285714285705	0.035714285714285705	0.035714285714285705	0.035714285714285705	0.035714285714285705	0.035714285714285705	0.035714285714285705	0.035714285714285705	0.035714285714285705	0.035714285714285705	0.035714285714285705	0.035714285714285705	0.035714285714285705	0.035714285714285705	0.035714285714285705	0.035714285714285705	0.035714285714285705	0.035714285714285705	0.035714285714285705	0.035714285714285705	0.035714285714285705	0.035714285714285705
26.0	0.035714285714285705	0.035714285714285705	0.035714285714285705	0.035714285714285705	0.035714285714285705	0.035714285714285705	0.035714285714285705	0.035714285714285705	0.035714285714285705	0.035714285714285705	0.035714285714285705	0.035714285714285705	0.035714285714285705	0.035714285714285705	0.035714285714285705	0.035714285714285705	0.035714285714285705	0.035714285714285705	0.035714285714285705	0.035714285714285705	0.035714285714285705	0.035714285714285705	0.035714285714285705	0.035714285714285705	0.035714285714285705	0.035714285714285705	0.035714285714285705	0.035714285714285705
27.0	0.035714285714285705	0.035714285714285705	0.035714285714285705	0.035714285714285705	0.035714285714285705	0.035714285714285705	0.035714285714285705	0.035714285714285705	0.035714285714285705	0.035714285714285705	0.035714285714285705	0.035714285714285705	0.035714285714285705	0.035714285714285705	0.035714285714285705	0.035714285714285705	0.035714285714285705	0.035714285714285705	0.035714285714285705	0.035714285714285705	0.035714285714285705	0.035714285714285705	0.035714285714285705	0.035714285714285705	0.035714285714285705	0.035714285714285705	0.035714285714285705	0.035714285714285705
28.0	0.035714285714285705	0.035714285714285705	0.035714285714285705	0.035714285714285705	0.035714285714285705	0.035714285714285705	0.035714285714285705	0.035714285714285705	0.035714285714285705	0.035714285714285705	0.035714285714285705	0.035714285714285705	0.035714285714285705	0.035714285714285705	0.035714285714285705	0.035714285714285705	0.035714285714285705	0.035714285714285705	0.035714285714285705	0.035714285714285705	0.035714285714285705	0.035714285714285705	0.035714285714285705	0.035714285714285705	0.035714285714285705	0.035714285714285705	0.035714285714285705	0.035714285714285705
