	(15-16)-1.0	(15-16)-2.0	(15-16)-3.0	(15-16)-4.0	(15-16)-5.0	(15-16)-6.0	(15-16)-7.0	(15-16)-8.0	(15-16)-9.0	(15-16)-10.0	(15-16)-11.0	(15-16)-12.0	(15-16)-13.0	(15-16)-14.0	(15-16)-15.0	(15-16)-16.0	(15-16)-17.0	(15-16)-18.0	(15-16)-19.0	(15-16)-20.0	(15-16)-21.0	(15-16)-22.0	(15-16)-23.0	(15-16)-24.0	(15-16)-25.0	(15-16)-26.0
1.0	0.03846153846153846	0.03846153846153846	0.03846153846153846	0.03846153846153846	0.03846153846153846	0.03846153846153846	0.03846153846153846	0.03846153846153846	0.03846153846153846	0.03846153846153846	0.03846153846153846	0.03846153846153846	0.03846153846153846	0.03846153846153846	0.03846153846153846	0.03846153846153846	0.03846153846153846	0.03846153846153846	0.03846153846153846	0.03846153846153846	0.03846153846153846	0.03846153846153846	0.03846153846153846	0.03846153846153846	0.03846153846153846	0.03846153846153846
2.0	4.999400071991358e-06	0.9623863885396291	4.999400071991358e-06	4.999400071991358e-06	0.03749362585864224	4.999400071991358e-06	4.999400071991358e-06	4.999400071991358e-06	4.999400071991358e-06	4.999400071991358e-06	4.999400071991358e-06	4.999400071991358e-06	4.999400071991358e-06	4.999400071991358e-06	4.999400071991358e-06	4.999400071991358e-06	4.999400071991358e-06	4.999400071991358e-06	4.999400071991358e-06	4.999400071991358e-06	4.999400071991358e-06	4.999400071991358e-06	4.999400071991358e-06	4.999400071991358e-06	4.999400071991358e-06	4.999400071991358e-06
3.0	0.03846153846153846	0.03846153846153846	0.03846153846153846	0.03846153846153846	0.03846153846153846	0.03846153846153846	0.03846153846153846	0.03846153846153846	0.03846153846153846	0.03846153846153846	0.03846153846153846	0.03846153846153846	0.03846153846153846	0.03846153846153846	0.03846153846153846	0.03846153846153846	0.03846153846153846	0.03846153846153846	0.03846153846153846	0.03846153846153846	0.03846153846153846	0.03846153846153846	0.03846153846153846	0.03846153846153846	0.03846153846153846	0.03846153846153846
4.0	0.03846153846153846	0.03846153846153846	0.03846153846153846	0.03846153846153846	0.03846153846153846	0.03846153846153846	0.03846153846153846	0.03846153846153846	0.03846153846153846	0.03846153846153846	0.03846153846153846	0.03846153846153846	0.03846153846153846	0.03846153846153846	0.03846153846153846	0.03846153846153846	0.03846153846153846	0.03846153846153846	0.03846153846153846	0.03846153846153846	0.03846153846153846	0.03846153846153846	0.03846153846153846	0.03846153846153846	0.03846153846153846	0.03846153846153846
5.0	0.03846153846153846	0.03846153846153846	0.03846153846153846	0.03846153846153846	0.03846153846153846	0.03846153846153846	0.03846153846153846	0.03846153846153846	0.03846153846153846	0.03846153846153846	0.03846153846153846	0.03846153846153846	0.03846153846153846	0.03846153846153846	0.03846153846153846	0.03846153846153846	0.03846153846153846	0.03846153846153846	0.03846153846153846	0.03846153846153846	0.03846153846153846	0.03846153846153846	0.03846153846153846	0.03846153846153846	0.03846153846153846	0.03846153846153846
6.0	2.4998437597650196e-06	2.4998437597650196e-06	2.4998437597650196e-06	2.4998437597650196e-06	2.4998437597650196e-06	0.9999375039060078	2.4998437597650196e-06	2.4998437597650196e-06	2.4998437597650196e-06	2.4998437597650196e-06	2.4998437597650196e-06	2.4998437597650196e-06	2.4998437597650196e-06	2.4998437597650196e-06	2.4998437597650196e-06	2.4998437597650196e-06	2.4998437597650196e-06	2.4998437597650196e-06	2.4998437597650196e-06	2.4998437597650196e-06	2.4998437597650196e-06	2.4998437597650196e-06	2.4998437597650196e-06	2.4998437597650196e-06	2.4998437597650196e-06	2.4998437597650196e-06
7.0	0.03846153846153846	0.03846153846153846	0.03846153846153846	0.03846153846153846	0.03846153846153846	0.03846153846153846	0.03846153846153846	0.03846153846153846	0.03846153846153846	0.03846153846153846	0.03846153846153846	0.03846153846153846	0.03846153846153846	0.03846153846153846	0.03846153846153846	0.03846153846153846	0.03846153846153846	0.03846153846153846	0.03846153846153846	0.03846153846153846	0.03846153846153846	0.03846153846153846	0.03846153846153846	0.03846153846153846	0.03846153846153846	0.03846153846153846
8.0	0.03846153846153846	0.03846153846153846	0.03846153846153846	0.03846153846153846	0.03846153846153846	0.03846153846153846	0.03846153846153846	0.03846153846153846	0.03846153846153846	0.03846153846153846	0.03846153846153846	0.03846153846153846	0.03846153846153846	0.03846153846153846	0.03846153846153846	0.03846153846153846	0.03846153846153846	0.03846153846153846	0.03846153846153846	0.03846153846153846	0.03846153846153846	0.03846153846153846	0.03846153846153846	0.03846153846153846	0.03846153846153846	0.03846153846153846
9.0	0.03846153846153846	0.03846153846153846	0.03846153846153846	0.03846153846153846	0.03846153846153846	0.03846153846153846	0.03846153846153846	0.03846153846153846	0.03846153846153846	0.03846153846153846	0.03846153846153846	0.03846153846153846	0.03846153846153846	0.03846153846153846	0.03846153846153846	0.03846153846153846	0.03846153846153846	0.03846153846153846	0.03846153846153846	0.03846153846153846	0.03846153846153846	0.03846153846153846	0.03846153846153846	0.03846153846153846	0.03846153846153846	0.03846153846153846
10.0	9.99750062484378e-06	9.99750062484378e-06	9.99750062484378e-06	9.99750062484378e-06	9.99750062484378e-06	9.99750062484378e-06	9.99750062484378e-06	9.99750062484378e-06	9.99750062484378e-06	0.9997500624843779	9.99750062484378e-06	9.99750062484378e-06	9.99750062484378e-06	9.99750062484378e-06	9.99750062484378e-06	9.99750062484378e-06	9.99750062484378e-06	9.99750062484378e-06	9.99750062484378e-06	9.99750062484378e-06	9.99750062484378e-06	9.99750062484378e-06	9.99750062484378e-06	9.99750062484378e-06	9.99750062484378e-06	9.99750062484378e-06
11.0	0.03846153846153846	0.03846153846153846	0.03846153846153846	0.03846153846153846	0.03846153846153846	0.03846153846153846	0.03846153846153846	0.03846153846153846	0.03846153846153846	0.03846153846153846	0.03846153846153846	0.03846153846153846	0.03846153846153846	0.03846153846153846	0.03846153846153846	0.03846153846153846	0.03846153846153846	0.03846153846153846	0.03846153846153846	0.03846153846153846	0.03846153846153846	0.03846153846153846	0.03846153846153846	0.03846153846153846	0.03846153846153846	0.03846153846153846
12.0	0.03846153846153846	0.03846153846153846	0.03846153846153846	0.03846153846153846	0.03846153846153846	0.03846153846153846	0.03846153846153846	0.03846153846153846	0.03846153846153846	0.03846153846153846	0.03846153846153846	0.03846153846153846	0.03846153846153846	0.03846153846153846	0.03846153846153846	0.03846153846153846	0.03846153846153846	0.03846153846153846	0.03846153846153846	0.03846153846153846	0.03846153846153846	0.03846153846153846	0.03846153846153846	0.03846153846153846	0.03846153846153846	0.03846153846153846
13.0	0.03846153846153846	0.03846153846153846	0.03846153846153846	0.03846153846153846	0.03846153846153846	0.03846153846153846	0.03846153846153846	0.03846153846153846	0.03846153846153846	0.03846153846153846	0.03846153846153846	0.03846153846153846	0.03846153846153846	0.03846153846153846	0.03846153846153846	0.03846153846153846	0.03846153846153846	0.03846153846153846	0.03846153846153846	0.03846153846153846	0.03846153846153846	0.03846153846153846	0.03846153846153846	0.03846153846153846	0.03846153846153846	0.03846153846153846
14.0	0.03846153846153846	0.03846153846153846	0.03846153846153846	0.03846153846153846	0.03846153846153846	0.03846153846153846	0.03846153846153846	0.03846153846153846	0.03846153846153846	0.03846153846153846	0.03846153846153846	0.03846153846153846	0.03846153846153846	0.03846153846153846	0.03846153846153846	0.03846153846153846	0.03846153846153846	0.03846153846153846	0.03846153846153846	0.03846153846153846	0.03846153846153846	0.03846153846153846	0.03846153846153846	0.03846153846153846	0.03846153846153846	0.03846153846153846
15.0	0.03846153846153846	0.03846153846153846	0.03846153846153846	0.03846153846153846	0.03846153846153846	0.03846153846153846	0.03846153846153846	0.03846153846153846	0.03846153846153846	0.03846153846153846	0.03846153846153846	0.03846153846153846	0.03846153846153846	0.03846153846153846	0.03846153846153846	0.03846153846153846	0.03846153846153846	0.03846153846153846	0.03846153846153846	0.03846153846153846	0.03846153846153846	0.03846153846153846	0.03846153846153846	0.03846153846153846	0.03846153846153846	0.03846153846153846
16.0	0.03846153846153846	0.03846153846153846	0.03846153846153846	0.03846153846153846	0.03846153846153846	0.03846153846153846	0.03846153846153846	0.03846153846153846	0.03846153846153846	0.03846153846153846	0.03846153846153846	0.03846153846153846	0.03846153846153846	0.03846153846153846	0.03846153846153846	0.03846153846153846	0.03846153846153846	0.03846153846153846	0.03846153846153846	0.03846153846153846	0.03846153846153846	0.03846153846153846	0.03846153846153846	0.03846153846153846	0.03846153846153846	0.03846153846153846
17.0	0.03846153846153846	0.03846153846153846	0.03846153846153846	0.03846153846153846	0.03846153846153846	0.03846153846153846	0.03846153846153846	0.03846153846153846	0.03846153846153846	0.03846153846153846	0.03846153846153846	0.03846153846153846	0.03846153846153846	0.03846153846153846	0.03846153846153846	0.03846153846153846	0.03846153846153846	0.03846153846153846	0.03846153846153846	0.03846153846153846	0.03846153846153846	0.03846153846153846	0.03846153846153846	0.03846153846153846	0.03846153846153846	0.03846153846153846
18.0	0.03846153846153846	0.03846153846153846	0.03846153846153846	0.03846153846153846	0.03846153846153846	0.03846153846153846	0.03846153846153846	0.03846153846153846	0.03846153846153846	0.03846153846153846	0.03846153846153846	0.03846153846153846	0.03846153846153846	0.03846153846153846	0.03846153846153846	0.03846153846153846	0.03846153846153846	0.03846153846153846	0.03846153846153846	0.03846153846153846	0.03846153846153846	0.03846153846153846	0.03846153846153846	0.03846153846153846	0.03846153846153846	0.03846153846153846
19.0	0.03846153846153846	0.03846153846153846	0.03846153846153846	0.03846153846153846	0.03846153846153846	0.03846153846153846	0.03846153846153846	0.03846153846153846	0.03846153846153846	0.03846153846153846	0.03846153846153846	0.03846153846153846	0.03846153846153846	0.03846153846153846	0.03846153846153846	0.03846153846153846	0.03846153846153846	0.03846153846153846	0.03846153846153846	0.03846153846153846	0.03846153846153846	0.03846153846153846	0.03846153846153846	0.03846153846153846	0.03846153846153846	0.03846153846153846
20.0	0.03846153846153846	0.03846153846153846	0.03846153846153846	0.03846153846153846	0.03846153846153846	0.03846153846153846	0.03846153846153846	0.03846153846153846	0.03846153846153846	0.03846153846153846	0.03846153846153846	0.03846153846153846	0.03846153846153846	0.03846153846153846	0.03846153846153846	0.03846153846153846	0.03846153846153846	0.03846153846153846	0.03846153846153846	0.03846153846153846	0.03846153846153846	0.03846153846153846	0.03846153846153846	0.03846153846153846	0.03846153846153846	0.03846153846153846
21.0	0.03846153846153846	0.03846153846153846	0.03846153846153846	0.03846153846153846	0.03846153846153846	0.03846153846153846	0.03846153846153846	0.03846153846153846	0.03846153846153846	0.03846153846153846	0.03846153846153846	0.03846153846153846	0.03846153846153846	0.03846153846153846	0.03846153846153846	0.03846153846153846	0.03846153846153846	0.03846153846153846	0.03846153846153846	0.03846153846153846	0.03846153846153846	0.03846153846153846	0.03846153846153846	0.03846153846153846	0.03846153846153846	0.03846153846153846
22.0	0.03846153846153846	0.03846153846153846	0.03846153846153846	0.03846153846153846	0.03846153846153846	0.03846153846153846	0.03846153846153846	0.03846153846153846	0.03846153846153846	0.03846153846153846	0.03846153846153846	0.03846153846153846	0.03846153846153846	0.03846153846153846	0.03846153846153846	0.03846153846153846	0.03846153846153846	0.03846153846153846	0.03846153846153846	0.03846153846153846	0.03846153846153846	0.03846153846153846	0.03846153846153846	0.03846153846153846	0.03846153846153846	0.03846153846153846
23.0	0.03846153846153846	0.03846153846153846	0.03846153846153846	0.03846153846153846	0.03846153846153846	0.03846153846153846	0.03846153846153846	0.03846153846153846	0.03846153846153846	0.03846153846153846	0.03846153846153846	0.03846153846153846	0.03846153846153846	0.03846153846153846	0.03846153846153846	0.03846153846153846	0.03846153846153846	0.03846153846153846	0.03846153846153846	0.03846153846153846	0.03846153846153846	0.03846153846153846	0.03846153846153846	0.03846153846153846	0.03846153846153846	0.03846153846153846
24.0	0.03846153846153846	0.03846153846153846	0.03846153846153846	0.03846153846153846	0.03846153846153846	0.03846153846153846	0.03846153846153846	0.03846153846153846	0.03846153846153846	0.03846153846153846	0.03846153846153846	0.03846153846153846	0.03846153846153846	0.03846153846153846	0.03846153846153846	0.03846153846153846	0.03846153846153846	0.03846153846153846	0.03846153846153846	0.03846153846153846	0.03846153846153846	0.03846153846153846	0.03846153846153846	0.03846153846153846	0.03846153846153846	0.03846153846153846
25.0	0.03846153846153846	0.03846153846153846	0.03846153846153846	0.03846153846153846	0.03846153846153846	0.03846153846153846	0.03846153846153846	0.03846153846153846	0.03846153846153846	0.03846153846153846	0.03846153846153846	0.03846153846153846	0.03846153846153846	0.03846153846153846	0.03846153846153846	0.03846153846153846	0.03846153846153846	0.03846153846153846	0.03846153846153846	0.03846153846153846	0.03846153846153846	0.03846153846153846	0.03846153846153846	0.03846153846153846	0.03846153846153846	0.03846153846153846
26.0	0.03846153846153846	0.03846153846153846	0.03846153846153846	0.03846153846153846	0.03846153846153846	0.03846153846153846	0.03846153846153846	0.03846153846153846	0.03846153846153846	0.03846153846153846	0.03846153846153846	0.03846153846153846	0.03846153846153846	0.03846153846153846	0.03846153846153846	0.03846153846153846	0.03846153846153846	0.03846153846153846	0.03846153846153846	0.03846153846153846	0.03846153846153846	0.03846153846153846	0.03846153846153846	0.03846153846153846	0.03846153846153846	0.03846153846153846
