	(0-1)-1.0	(0-1)-2.0	(0-1)-6.0	(0-1)-7.0	(0-1)-8.0	(0-1)-12.0	(0-1)-14.0	(0-1)-16.0	(0-1)-23.0	(0-1)-33.0	(0-1)-34.0	(0-1)-26.0	(0-1)-55.0	(0-1)-4.0	(0-1)-68.0	(0-1)-69.0	(0-1)-11.0	(0-1)-28.0	(0-1)-80.0	(0-1)-24.0	(0-1)-87.0
1.0	0.9998000399920003	9.998000399920004e-06	9.998000399920004e-06	9.998000399920004e-06	9.998000399920004e-06	9.998000399920004e-06	9.998000399920004e-06	9.998000399920004e-06	9.998000399920004e-06	9.998000399920004e-06	9.998000399920004e-06	9.998000399920004e-06	9.998000399920004e-06	9.998000399920004e-06	9.998000399920004e-06	9.998000399920004e-06	9.998000399920004e-06	9.998000399920004e-06	9.998000399920004e-06	9.998000399920004e-06	9.998000399920004e-06
2.0	0.33760990914037686	0.6623425931157678	2.499881255640362e-06	2.499881255640362e-06	2.499881255640362e-06	2.499881255640362e-06	2.499881255640362e-06	2.499881255640362e-06	2.499881255640362e-06	2.499881255640362e-06	2.499881255640362e-06	2.499881255640362e-06	2.499881255640362e-06	2.499881255640362e-06	2.499881255640362e-06	2.499881255640362e-06	2.499881255640362e-06	2.499881255640362e-06	2.499881255640362e-06	2.499881255640362e-06	2.499881255640362e-06
6.0	0.04761904761904762	0.04761904761904762	0.04761904761904762	0.04761904761904762	0.04761904761904762	0.04761904761904762	0.04761904761904762	0.04761904761904762	0.04761904761904762	0.04761904761904762	0.04761904761904762	0.04761904761904762	0.04761904761904762	0.04761904761904762	0.04761904761904762	0.04761904761904762	0.04761904761904762	0.04761904761904762	0.04761904761904762	0.04761904761904762	0.04761904761904762
7.0	0.17778311060449248	4.999525045120711e-06	4.999525045120711e-06	0.8221218984196497	4.999525045120711e-06	4.999525045120711e-06	4.999525045120711e-06	4.999525045120711e-06	4.999525045120711e-06	4.999525045120711e-06	4.999525045120711e-06	4.999525045120711e-06	4.999525045120711e-06	4.999525045120711e-06	4.999525045120711e-06	4.999525045120711e-06	4.999525045120711e-06	4.999525045120711e-06	4.999525045120711e-06	4.999525045120711e-06	4.999525045120711e-06
8.0	0.16326353979841968	4.999525045120711e-06	4.999525045120711e-06	4.999525045120711e-06	0.8366414692257225	4.999525045120711e-06	4.999525045120711e-06	4.999525045120711e-06	4.999525045120711e-06	4.999525045120711e-06	4.999525045120711e-06	4.999525045120711e-06	4.999525045120711e-06	4.999525045120711e-06	4.999525045120711e-06	4.999525045120711e-06	4.999525045120711e-06	4.999525045120711e-06	4.999525045120711e-06	4.999525045120711e-06	4.999525045120711e-06
12.0	0.04761904761904762	0.04761904761904762	0.04761904761904762	0.04761904761904762	0.04761904761904762	0.04761904761904762	0.04761904761904762	0.04761904761904762	0.04761904761904762	0.04761904761904762	0.04761904761904762	0.04761904761904762	0.04761904761904762	0.04761904761904762	0.04761904761904762	0.04761904761904762	0.04761904761904762	0.04761904761904762	0.04761904761904762	0.04761904761904762	0.04761904761904762
14.0	0.04761904761904762	0.04761904761904762	0.04761904761904762	0.04761904761904762	0.04761904761904762	0.04761904761904762	0.04761904761904762	0.04761904761904762	0.04761904761904762	0.04761904761904762	0.04761904761904762	0.04761904761904762	0.04761904761904762	0.04761904761904762	0.04761904761904762	0.04761904761904762	0.04761904761904762	0.04761904761904762	0.04761904761904762	0.04761904761904762	0.04761904761904762
16.0	0.04761904761904762	0.04761904761904762	0.04761904761904762	0.04761904761904762	0.04761904761904762	0.04761904761904762	0.04761904761904762	0.04761904761904762	0.04761904761904762	0.04761904761904762	0.04761904761904762	0.04761904761904762	0.04761904761904762	0.04761904761904762	0.04761904761904762	0.04761904761904762	0.04761904761904762	0.04761904761904762	0.04761904761904762	0.04761904761904762	0.04761904761904762
23.0	0.04761904761904762	0.04761904761904762	0.04761904761904762	0.04761904761904762	0.04761904761904762	0.04761904761904762	0.04761904761904762	0.04761904761904762	0.04761904761904762	0.04761904761904762	0.04761904761904762	0.04761904761904762	0.04761904761904762	0.04761904761904762	0.04761904761904762	0.04761904761904762	0.04761904761904762	0.04761904761904762	0.04761904761904762	0.04761904761904762	0.04761904761904762
33.0	0.04761904761904762	0.04761904761904762	0.04761904761904762	0.04761904761904762	0.04761904761904762	0.04761904761904762	0.04761904761904762	0.04761904761904762	0.04761904761904762	0.04761904761904762	0.04761904761904762	0.04761904761904762	0.04761904761904762	0.04761904761904762	0.04761904761904762	0.04761904761904762	0.04761904761904762	0.04761904761904762	0.04761904761904762	0.04761904761904762	0.04761904761904762
34.0	0.04761904761904762	0.04761904761904762	0.04761904761904762	0.04761904761904762	0.04761904761904762	0.04761904761904762	0.04761904761904762	0.04761904761904762	0.04761904761904762	0.04761904761904762	0.04761904761904762	0.04761904761904762	0.04761904761904762	0.04761904761904762	0.04761904761904762	0.04761904761904762	0.04761904761904762	0.04761904761904762	0.04761904761904762	0.04761904761904762	0.04761904761904762
26.0	0.07691524715799575	3.333122235591746e-06	3.333122235591746e-06	3.333122235591746e-06	3.333122235591746e-06	3.333122235591746e-06	3.333122235591746e-06	3.333122235591746e-06	3.333122235591746e-06	3.333122235591746e-06	3.333122235591746e-06	0.9230214235195279	3.333122235591746e-06	3.333122235591746e-06	3.333122235591746e-06	3.333122235591746e-06	3.333122235591746e-06	3.333122235591746e-06	3.333122235591746e-06	3.333122235591746e-06	3.333122235591746e-06
55.0	0.04761904761904762	0.04761904761904762	0.04761904761904762	0.04761904761904762	0.04761904761904762	0.04761904761904762	0.04761904761904762	0.04761904761904762	0.04761904761904762	0.04761904761904762	0.04761904761904762	0.04761904761904762	0.04761904761904762	0.04761904761904762	0.04761904761904762	0.04761904761904762	0.04761904761904762	0.04761904761904762	0.04761904761904762	0.04761904761904762	0.04761904761904762
4.0	0.04761904761904762	0.04761904761904762	0.04761904761904762	0.04761904761904762	0.04761904761904762	0.04761904761904762	0.04761904761904762	0.04761904761904762	0.04761904761904762	0.04761904761904762	0.04761904761904762	0.04761904761904762	0.04761904761904762	0.04761904761904762	0.04761904761904762	0.04761904761904762	0.04761904761904762	0.04761904761904762	0.04761904761904762	0.04761904761904762	0.04761904761904762
68.0	0.1525185654571049	9.998100360931418e-06	9.998100360931418e-06	9.998100360931418e-06	9.998100360931418e-06	9.998100360931418e-06	9.998100360931418e-06	9.998100360931418e-06	9.998100360931418e-06	9.998100360931418e-06	9.998100360931418e-06	9.998100360931418e-06	9.998100360931418e-06	9.998100360931418e-06	0.8472914706360368	9.998100360931418e-06	9.998100360931418e-06	9.998100360931418e-06	9.998100360931418e-06	9.998100360931418e-06	9.998100360931418e-06
69.0	0.04761904761904762	0.04761904761904762	0.04761904761904762	0.04761904761904762	0.04761904761904762	0.04761904761904762	0.04761904761904762	0.04761904761904762	0.04761904761904762	0.04761904761904762	0.04761904761904762	0.04761904761904762	0.04761904761904762	0.04761904761904762	0.04761904761904762	0.04761904761904762	0.04761904761904762	0.04761904761904762	0.04761904761904762	0.04761904761904762	0.04761904761904762
11.0	0.04761904761904762	0.04761904761904762	0.04761904761904762	0.04761904761904762	0.04761904761904762	0.04761904761904762	0.04761904761904762	0.04761904761904762	0.04761904761904762	0.04761904761904762	0.04761904761904762	0.04761904761904762	0.04761904761904762	0.04761904761904762	0.04761904761904762	0.04761904761904762	0.04761904761904762	0.04761904761904762	0.04761904761904762	0.04761904761904762	0.04761904761904762
28.0	0.44891678735809387	9.99810036093142e-06	9.99810036093142e-06	9.99810036093142e-06	9.99810036093142e-06	9.99810036093142e-06	9.99810036093142e-06	9.99810036093142e-06	9.99810036093142e-06	9.99810036093142e-06	9.99810036093142e-06	9.99810036093142e-06	9.99810036093142e-06	9.99810036093142e-06	9.99810036093142e-06	9.99810036093142e-06	9.99810036093142e-06	0.5508932487350481	9.99810036093142e-06	9.99810036093142e-06	9.99810036093142e-06
80.0	0.04761904761904762	0.04761904761904762	0.04761904761904762	0.04761904761904762	0.04761904761904762	0.04761904761904762	0.04761904761904762	0.04761904761904762	0.04761904761904762	0.04761904761904762	0.04761904761904762	0.04761904761904762	0.04761904761904762	0.04761904761904762	0.04761904761904762	0.04761904761904762	0.04761904761904762	0.04761904761904762	0.04761904761904762	0.04761904761904762	0.04761904761904762
24.0	0.15379030442097372	9.99810036093142e-06	9.99810036093142e-06	9.99810036093142e-06	9.99810036093142e-06	9.99810036093142e-06	9.99810036093142e-06	9.99810036093142e-06	9.99810036093142e-06	9.99810036093142e-06	9.99810036093142e-06	9.99810036093142e-06	9.99810036093142e-06	9.99810036093142e-06	9.99810036093142e-06	9.99810036093142e-06	9.99810036093142e-06	9.99810036093142e-06	9.99810036093142e-06	0.8460197316721683	9.99810036093142e-06
87.0	0.04761904761904762	0.04761904761904762	0.04761904761904762	0.04761904761904762	0.04761904761904762	0.04761904761904762	0.04761904761904762	0.04761904761904762	0.04761904761904762	0.04761904761904762	0.04761904761904762	0.04761904761904762	0.04761904761904762	0.04761904761904762	0.04761904761904762	0.04761904761904762	0.04761904761904762	0.04761904761904762	0.04761904761904762	0.04761904761904762	0.04761904761904762
