	(10-11)-1.0	(10-11)-2.0	(10-11)-6.0	(10-11)-7.0	(10-11)-8.0	(10-11)-12.0	(10-11)-14.0	(10-11)-16.0	(10-11)-23.0	(10-11)-33.0	(10-11)-34.0	(10-11)-26.0	(10-11)-55.0	(10-11)-4.0	(10-11)-68.0	(10-11)-69.0	(10-11)-11.0	(10-11)-28.0	(10-11)-80.0	(10-11)-24.0	(10-11)-87.0
1.0	0.8681653157594182	3.3331222355917446e-06	3.3331222355917446e-06	0.1317713549181051	3.3331222355917446e-06	3.3331222355917446e-06	3.3331222355917446e-06	3.3331222355917446e-06	3.3331222355917446e-06	3.3331222355917446e-06	3.3331222355917446e-06	3.3331222355917446e-06	3.3331222355917446e-06	3.3331222355917446e-06	3.3331222355917446e-06	3.3331222355917446e-06	3.3331222355917446e-06	3.3331222355917446e-06	3.3331222355917446e-06	3.3331222355917446e-06	3.3331222355917446e-06
2.0	0.04761904761904762	0.04761904761904762	0.04761904761904762	0.04761904761904762	0.04761904761904762	0.04761904761904762	0.04761904761904762	0.04761904761904762	0.04761904761904762	0.04761904761904762	0.04761904761904762	0.04761904761904762	0.04761904761904762	0.04761904761904762	0.04761904761904762	0.04761904761904762	0.04761904761904762	0.04761904761904762	0.04761904761904762	0.04761904761904762	0.04761904761904762
6.0	4.9995000499949976e-06	4.9995000499949976e-06	0.9999000099989994	4.9995000499949976e-06	4.9995000499949976e-06	4.9995000499949976e-06	4.9995000499949976e-06	4.9995000499949976e-06	4.9995000499949976e-06	4.9995000499949976e-06	4.9995000499949976e-06	4.9995000499949976e-06	4.9995000499949976e-06	4.9995000499949976e-06	4.9995000499949976e-06	4.9995000499949976e-06	4.9995000499949976e-06	4.9995000499949976e-06	4.9995000499949976e-06	4.9995000499949976e-06	4.9995000499949976e-06
7.0	0.04761904761904762	0.04761904761904762	0.04761904761904762	0.04761904761904762	0.04761904761904762	0.04761904761904762	0.04761904761904762	0.04761904761904762	0.04761904761904762	0.04761904761904762	0.04761904761904762	0.04761904761904762	0.04761904761904762	0.04761904761904762	0.04761904761904762	0.04761904761904762	0.04761904761904762	0.04761904761904762	0.04761904761904762	0.04761904761904762	0.04761904761904762
8.0	0.04761904761904762	0.04761904761904762	0.04761904761904762	0.04761904761904762	0.04761904761904762	0.04761904761904762	0.04761904761904762	0.04761904761904762	0.04761904761904762	0.04761904761904762	0.04761904761904762	0.04761904761904762	0.04761904761904762	0.04761904761904762	0.04761904761904762	0.04761904761904762	0.04761904761904762	0.04761904761904762	0.04761904761904762	0.04761904761904762	0.04761904761904762
12.0	0.04761904761904762	0.04761904761904762	0.04761904761904762	0.04761904761904762	0.04761904761904762	0.04761904761904762	0.04761904761904762	0.04761904761904762	0.04761904761904762	0.04761904761904762	0.04761904761904762	0.04761904761904762	0.04761904761904762	0.04761904761904762	0.04761904761904762	0.04761904761904762	0.04761904761904762	0.04761904761904762	0.04761904761904762	0.04761904761904762	0.04761904761904762
14.0	0.04761904761904762	0.04761904761904762	0.04761904761904762	0.04761904761904762	0.04761904761904762	0.04761904761904762	0.04761904761904762	0.04761904761904762	0.04761904761904762	0.04761904761904762	0.04761904761904762	0.04761904761904762	0.04761904761904762	0.04761904761904762	0.04761904761904762	0.04761904761904762	0.04761904761904762	0.04761904761904762	0.04761904761904762	0.04761904761904762	0.04761904761904762
16.0	0.04761904761904762	0.04761904761904762	0.04761904761904762	0.04761904761904762	0.04761904761904762	0.04761904761904762	0.04761904761904762	0.04761904761904762	0.04761904761904762	0.04761904761904762	0.04761904761904762	0.04761904761904762	0.04761904761904762	0.04761904761904762	0.04761904761904762	0.04761904761904762	0.04761904761904762	0.04761904761904762	0.04761904761904762	0.04761904761904762	0.04761904761904762
23.0	0.04761904761904762	0.04761904761904762	0.04761904761904762	0.04761904761904762	0.04761904761904762	0.04761904761904762	0.04761904761904762	0.04761904761904762	0.04761904761904762	0.04761904761904762	0.04761904761904762	0.04761904761904762	0.04761904761904762	0.04761904761904762	0.04761904761904762	0.04761904761904762	0.04761904761904762	0.04761904761904762	0.04761904761904762	0.04761904761904762	0.04761904761904762
33.0	4.999500049994998e-06	4.999500049994998e-06	4.999500049994998e-06	4.999500049994998e-06	4.999500049994998e-06	4.999500049994998e-06	4.999500049994998e-06	4.999500049994998e-06	4.999500049994998e-06	0.9999000099989996	4.999500049994998e-06	4.999500049994998e-06	4.999500049994998e-06	4.999500049994998e-06	4.999500049994998e-06	4.999500049994998e-06	4.999500049994998e-06	4.999500049994998e-06	4.999500049994998e-06	4.999500049994998e-06	4.999500049994998e-06
34.0	0.04761904761904762	0.04761904761904762	0.04761904761904762	0.04761904761904762	0.04761904761904762	0.04761904761904762	0.04761904761904762	0.04761904761904762	0.04761904761904762	0.04761904761904762	0.04761904761904762	0.04761904761904762	0.04761904761904762	0.04761904761904762	0.04761904761904762	0.04761904761904762	0.04761904761904762	0.04761904761904762	0.04761904761904762	0.04761904761904762	0.04761904761904762
26.0	0.04761904761904762	0.04761904761904762	0.04761904761904762	0.04761904761904762	0.04761904761904762	0.04761904761904762	0.04761904761904762	0.04761904761904762	0.04761904761904762	0.04761904761904762	0.04761904761904762	0.04761904761904762	0.04761904761904762	0.04761904761904762	0.04761904761904762	0.04761904761904762	0.04761904761904762	0.04761904761904762	0.04761904761904762	0.04761904761904762	0.04761904761904762
55.0	0.04761904761904762	0.04761904761904762	0.04761904761904762	0.04761904761904762	0.04761904761904762	0.04761904761904762	0.04761904761904762	0.04761904761904762	0.04761904761904762	0.04761904761904762	0.04761904761904762	0.04761904761904762	0.04761904761904762	0.04761904761904762	0.04761904761904762	0.04761904761904762	0.04761904761904762	0.04761904761904762	0.04761904761904762	0.04761904761904762	0.04761904761904762
4.0	0.04761904761904762	0.04761904761904762	0.04761904761904762	0.04761904761904762	0.04761904761904762	0.04761904761904762	0.04761904761904762	0.04761904761904762	0.04761904761904762	0.04761904761904762	0.04761904761904762	0.04761904761904762	0.04761904761904762	0.04761904761904762	0.04761904761904762	0.04761904761904762	0.04761904761904762	0.04761904761904762	0.04761904761904762	0.04761904761904762	0.04761904761904762
68.0	0.04761904761904762	0.04761904761904762	0.04761904761904762	0.04761904761904762	0.04761904761904762	0.04761904761904762	0.04761904761904762	0.04761904761904762	0.04761904761904762	0.04761904761904762	0.04761904761904762	0.04761904761904762	0.04761904761904762	0.04761904761904762	0.04761904761904762	0.04761904761904762	0.04761904761904762	0.04761904761904762	0.04761904761904762	0.04761904761904762	0.04761904761904762
69.0	0.04761904761904762	0.04761904761904762	0.04761904761904762	0.04761904761904762	0.04761904761904762	0.04761904761904762	0.04761904761904762	0.04761904761904762	0.04761904761904762	0.04761904761904762	0.04761904761904762	0.04761904761904762	0.04761904761904762	0.04761904761904762	0.04761904761904762	0.04761904761904762	0.04761904761904762	0.04761904761904762	0.04761904761904762	0.04761904761904762	0.04761904761904762
11.0	0.04761904761904762	0.04761904761904762	0.04761904761904762	0.04761904761904762	0.04761904761904762	0.04761904761904762	0.04761904761904762	0.04761904761904762	0.04761904761904762	0.04761904761904762	0.04761904761904762	0.04761904761904762	0.04761904761904762	0.04761904761904762	0.04761904761904762	0.04761904761904762	0.04761904761904762	0.04761904761904762	0.04761904761904762	0.04761904761904762	0.04761904761904762
28.0	0.04761904761904762	0.04761904761904762	0.04761904761904762	0.04761904761904762	0.04761904761904762	0.04761904761904762	0.04761904761904762	0.04761904761904762	0.04761904761904762	0.04761904761904762	0.04761904761904762	0.04761904761904762	0.04761904761904762	0.04761904761904762	0.04761904761904762	0.04761904761904762	0.04761904761904762	0.04761904761904762	0.04761904761904762	0.04761904761904762	0.04761904761904762
80.0	0.04761904761904762	0.04761904761904762	0.04761904761904762	0.04761904761904762	0.04761904761904762	0.04761904761904762	0.04761904761904762	0.04761904761904762	0.04761904761904762	0.04761904761904762	0.04761904761904762	0.04761904761904762	0.04761904761904762	0.04761904761904762	0.04761904761904762	0.04761904761904762	0.04761904761904762	0.04761904761904762	0.04761904761904762	0.04761904761904762	0.04761904761904762
24.0	0.04761904761904762	0.04761904761904762	0.04761904761904762	0.04761904761904762	0.04761904761904762	0.04761904761904762	0.04761904761904762	0.04761904761904762	0.04761904761904762	0.04761904761904762	0.04761904761904762	0.04761904761904762	0.04761904761904762	0.04761904761904762	0.04761904761904762	0.04761904761904762	0.04761904761904762	0.04761904761904762	0.04761904761904762	0.04761904761904762	0.04761904761904762
87.0	0.04761904761904762	0.04761904761904762	0.04761904761904762	0.04761904761904762	0.04761904761904762	0.04761904761904762	0.04761904761904762	0.04761904761904762	0.04761904761904762	0.04761904761904762	0.04761904761904762	0.04761904761904762	0.04761904761904762	0.04761904761904762	0.04761904761904762	0.04761904761904762	0.04761904761904762	0.04761904761904762	0.04761904761904762	0.04761904761904762	0.04761904761904762
