	(22-23)-1.0	(22-23)-2.0	(22-23)-6.0	(22-23)-7.0	(22-23)-8.0	(22-23)-12.0	(22-23)-14.0	(22-23)-16.0	(22-23)-23.0	(22-23)-33.0	(22-23)-34.0	(22-23)-26.0	(22-23)-55.0	(22-23)-4.0	(22-23)-68.0	(22-23)-69.0	(22-23)-11.0	(22-23)-28.0	(22-23)-80.0	(22-23)-24.0	(22-23)-87.0
1.0	0.9998000399920003	9.998000399920004e-06	9.998000399920004e-06	9.998000399920004e-06	9.998000399920004e-06	9.998000399920004e-06	9.998000399920004e-06	9.998000399920004e-06	9.998000399920004e-06	9.998000399920004e-06	9.998000399920004e-06	9.998000399920004e-06	9.998000399920004e-06	9.998000399920004e-06	9.998000399920004e-06	9.998000399920004e-06	9.998000399920004e-06	9.998000399920004e-06	9.998000399920004e-06	9.998000399920004e-06	9.998000399920004e-06
2.0	3.3331222355917446e-06	0.8346838549533584	3.3331222355917446e-06	0.1652528157241649	3.3331222355917446e-06	3.3331222355917446e-06	3.3331222355917446e-06	3.3331222355917446e-06	3.3331222355917446e-06	3.3331222355917446e-06	3.3331222355917446e-06	3.3331222355917446e-06	3.3331222355917446e-06	3.3331222355917446e-06	3.3331222355917446e-06	3.3331222355917446e-06	3.3331222355917446e-06	3.3331222355917446e-06	3.3331222355917446e-06	3.3331222355917446e-06	3.3331222355917446e-06
6.0	0.04761904761904762	0.04761904761904762	0.04761904761904762	0.04761904761904762	0.04761904761904762	0.04761904761904762	0.04761904761904762	0.04761904761904762	0.04761904761904762	0.04761904761904762	0.04761904761904762	0.04761904761904762	0.04761904761904762	0.04761904761904762	0.04761904761904762	0.04761904761904762	0.04761904761904762	0.04761904761904762	0.04761904761904762	0.04761904761904762	0.04761904761904762
7.0	0.04761904761904762	0.04761904761904762	0.04761904761904762	0.04761904761904762	0.04761904761904762	0.04761904761904762	0.04761904761904762	0.04761904761904762	0.04761904761904762	0.04761904761904762	0.04761904761904762	0.04761904761904762	0.04761904761904762	0.04761904761904762	0.04761904761904762	0.04761904761904762	0.04761904761904762	0.04761904761904762	0.04761904761904762	0.04761904761904762	0.04761904761904762
8.0	9.998000399920006e-06	9.998000399920006e-06	9.998000399920006e-06	9.998000399920006e-06	0.9998000399920005	9.998000399920006e-06	9.998000399920006e-06	9.998000399920006e-06	9.998000399920006e-06	9.998000399920006e-06	9.998000399920006e-06	9.998000399920006e-06	9.998000399920006e-06	9.998000399920006e-06	9.998000399920006e-06	9.998000399920006e-06	9.998000399920006e-06	9.998000399920006e-06	9.998000399920006e-06	9.998000399920006e-06	9.998000399920006e-06
12.0	0.04761904761904762	0.04761904761904762	0.04761904761904762	0.04761904761904762	0.04761904761904762	0.04761904761904762	0.04761904761904762	0.04761904761904762	0.04761904761904762	0.04761904761904762	0.04761904761904762	0.04761904761904762	0.04761904761904762	0.04761904761904762	0.04761904761904762	0.04761904761904762	0.04761904761904762	0.04761904761904762	0.04761904761904762	0.04761904761904762	0.04761904761904762
14.0	0.04761904761904762	0.04761904761904762	0.04761904761904762	0.04761904761904762	0.04761904761904762	0.04761904761904762	0.04761904761904762	0.04761904761904762	0.04761904761904762	0.04761904761904762	0.04761904761904762	0.04761904761904762	0.04761904761904762	0.04761904761904762	0.04761904761904762	0.04761904761904762	0.04761904761904762	0.04761904761904762	0.04761904761904762	0.04761904761904762	0.04761904761904762
16.0	0.04761904761904762	0.04761904761904762	0.04761904761904762	0.04761904761904762	0.04761904761904762	0.04761904761904762	0.04761904761904762	0.04761904761904762	0.04761904761904762	0.04761904761904762	0.04761904761904762	0.04761904761904762	0.04761904761904762	0.04761904761904762	0.04761904761904762	0.04761904761904762	0.04761904761904762	0.04761904761904762	0.04761904761904762	0.04761904761904762	0.04761904761904762
23.0	0.04761904761904762	0.04761904761904762	0.04761904761904762	0.04761904761904762	0.04761904761904762	0.04761904761904762	0.04761904761904762	0.04761904761904762	0.04761904761904762	0.04761904761904762	0.04761904761904762	0.04761904761904762	0.04761904761904762	0.04761904761904762	0.04761904761904762	0.04761904761904762	0.04761904761904762	0.04761904761904762	0.04761904761904762	0.04761904761904762	0.04761904761904762
33.0	0.04761904761904762	0.04761904761904762	0.04761904761904762	0.04761904761904762	0.04761904761904762	0.04761904761904762	0.04761904761904762	0.04761904761904762	0.04761904761904762	0.04761904761904762	0.04761904761904762	0.04761904761904762	0.04761904761904762	0.04761904761904762	0.04761904761904762	0.04761904761904762	0.04761904761904762	0.04761904761904762	0.04761904761904762	0.04761904761904762	0.04761904761904762
34.0	0.04761904761904762	0.04761904761904762	0.04761904761904762	0.04761904761904762	0.04761904761904762	0.04761904761904762	0.04761904761904762	0.04761904761904762	0.04761904761904762	0.04761904761904762	0.04761904761904762	0.04761904761904762	0.04761904761904762	0.04761904761904762	0.04761904761904762	0.04761904761904762	0.04761904761904762	0.04761904761904762	0.04761904761904762	0.04761904761904762	0.04761904761904762
26.0	9.998000399920011e-06	9.998000399920011e-06	9.998000399920011e-06	9.998000399920011e-06	9.998000399920011e-06	9.998000399920011e-06	9.998000399920011e-06	9.998000399920011e-06	9.998000399920011e-06	9.998000399920011e-06	9.998000399920011e-06	0.999800039992001	9.998000399920011e-06	9.998000399920011e-06	9.998000399920011e-06	9.998000399920011e-06	9.998000399920011e-06	9.998000399920011e-06	9.998000399920011e-06	9.998000399920011e-06	9.998000399920011e-06
55.0	0.04761904761904762	0.04761904761904762	0.04761904761904762	0.04761904761904762	0.04761904761904762	0.04761904761904762	0.04761904761904762	0.04761904761904762	0.04761904761904762	0.04761904761904762	0.04761904761904762	0.04761904761904762	0.04761904761904762	0.04761904761904762	0.04761904761904762	0.04761904761904762	0.04761904761904762	0.04761904761904762	0.04761904761904762	0.04761904761904762	0.04761904761904762
4.0	0.04761904761904762	0.04761904761904762	0.04761904761904762	0.04761904761904762	0.04761904761904762	0.04761904761904762	0.04761904761904762	0.04761904761904762	0.04761904761904762	0.04761904761904762	0.04761904761904762	0.04761904761904762	0.04761904761904762	0.04761904761904762	0.04761904761904762	0.04761904761904762	0.04761904761904762	0.04761904761904762	0.04761904761904762	0.04761904761904762	0.04761904761904762
68.0	0.04761904761904762	0.04761904761904762	0.04761904761904762	0.04761904761904762	0.04761904761904762	0.04761904761904762	0.04761904761904762	0.04761904761904762	0.04761904761904762	0.04761904761904762	0.04761904761904762	0.04761904761904762	0.04761904761904762	0.04761904761904762	0.04761904761904762	0.04761904761904762	0.04761904761904762	0.04761904761904762	0.04761904761904762	0.04761904761904762	0.04761904761904762
69.0	0.04761904761904762	0.04761904761904762	0.04761904761904762	0.04761904761904762	0.04761904761904762	0.04761904761904762	0.04761904761904762	0.04761904761904762	0.04761904761904762	0.04761904761904762	0.04761904761904762	0.04761904761904762	0.04761904761904762	0.04761904761904762	0.04761904761904762	0.04761904761904762	0.04761904761904762	0.04761904761904762	0.04761904761904762	0.04761904761904762	0.04761904761904762
11.0	0.04761904761904762	0.04761904761904762	0.04761904761904762	0.04761904761904762	0.04761904761904762	0.04761904761904762	0.04761904761904762	0.04761904761904762	0.04761904761904762	0.04761904761904762	0.04761904761904762	0.04761904761904762	0.04761904761904762	0.04761904761904762	0.04761904761904762	0.04761904761904762	0.04761904761904762	0.04761904761904762	0.04761904761904762	0.04761904761904762	0.04761904761904762
28.0	9.998000399920014e-06	9.998000399920014e-06	9.998000399920014e-06	9.998000399920014e-06	9.998000399920014e-06	9.998000399920014e-06	9.998000399920014e-06	9.998000399920014e-06	9.998000399920014e-06	9.998000399920014e-06	9.998000399920014e-06	9.998000399920014e-06	9.998000399920014e-06	9.998000399920014e-06	9.998000399920014e-06	9.998000399920014e-06	9.998000399920014e-06	0.9998000399920014	9.998000399920014e-06	9.998000399920014e-06	9.998000399920014e-06
80.0	0.04761904761904762	0.04761904761904762	0.04761904761904762	0.04761904761904762	0.04761904761904762	0.04761904761904762	0.04761904761904762	0.04761904761904762	0.04761904761904762	0.04761904761904762	0.04761904761904762	0.04761904761904762	0.04761904761904762	0.04761904761904762	0.04761904761904762	0.04761904761904762	0.04761904761904762	0.04761904761904762	0.04761904761904762	0.04761904761904762	0.04761904761904762
24.0	0.04761904761904762	0.04761904761904762	0.04761904761904762	0.04761904761904762	0.04761904761904762	0.04761904761904762	0.04761904761904762	0.04761904761904762	0.04761904761904762	0.04761904761904762	0.04761904761904762	0.04761904761904762	0.04761904761904762	0.04761904761904762	0.04761904761904762	0.04761904761904762	0.04761904761904762	0.04761904761904762	0.04761904761904762	0.04761904761904762	0.04761904761904762
87.0	0.04761904761904762	0.04761904761904762	0.04761904761904762	0.04761904761904762	0.04761904761904762	0.04761904761904762	0.04761904761904762	0.04761904761904762	0.04761904761904762	0.04761904761904762	0.04761904761904762	0.04761904761904762	0.04761904761904762	0.04761904761904762	0.04761904761904762	0.04761904761904762	0.04761904761904762	0.04761904761904762	0.04761904761904762	0.04761904761904762	0.04761904761904762
