	(12-13)-1.0	(12-13)-2.0	(12-13)-3.0	(12-13)-4.0	(12-13)-5.0	(12-13)-6.0	(12-13)-7.0	(12-13)-8.0	(12-13)-9.0	(12-13)-10.0	(12-13)-11.0	(12-13)-12.0	(12-13)-13.0	(12-13)-14.0	(12-13)-15.0	(12-13)-16.0	(12-13)-17.0	(12-13)-18.0	(12-13)-19.0	(12-13)-20.0	(12-13)-21.0	(12-13)-22.0	(12-13)-23.0	(12-13)-24.0	(12-13)-25.0	(12-13)-26.0	(12-13)-27.0	(12-13)-28.0
1.0	0.9443625996858045	3.3330444694793105e-06	3.3330444694793105e-06	3.3330444694793105e-06	3.3330444694793105e-06	3.3330444694793105e-06	3.3330444694793105e-06	3.3330444694793105e-06	3.3330444694793105e-06	0.055550741157988505	3.3330444694793105e-06	3.3330444694793105e-06	3.3330444694793105e-06	3.3330444694793105e-06	3.3330444694793105e-06	3.3330444694793105e-06	3.3330444694793105e-06	3.3330444694793105e-06	3.3330444694793105e-06	3.3330444694793105e-06	3.3330444694793105e-06	3.3330444694793105e-06	3.3330444694793105e-06	3.3330444694793105e-06	3.3330444694793105e-06	3.3330444694793105e-06	3.3330444694793105e-06	3.3330444694793105e-06
2.0	0.035714285714285705	0.035714285714285705	0.035714285714285705	0.035714285714285705	0.035714285714285705	0.035714285714285705	0.035714285714285705	0.035714285714285705	0.035714285714285705	0.035714285714285705	0.035714285714285705	0.035714285714285705	0.035714285714285705	0.035714285714285705	0.035714285714285705	0.035714285714285705	0.035714285714285705	0.035714285714285705	0.035714285714285705	0.035714285714285705	0.035714285714285705	0.035714285714285705	0.035714285714285705	0.035714285714285705	0.035714285714285705	0.035714285714285705	0.035714285714285705	0.035714285714285705
3.0	9.997400675824272e-06	9.997400675824272e-06	0.8956421330454069	0.10409793453702021	9.997400675824272e-06	9.997400675824272e-06	9.997400675824272e-06	9.997400675824272e-06	9.997400675824272e-06	9.997400675824272e-06	9.997400675824272e-06	9.997400675824272e-06	9.997400675824272e-06	9.997400675824272e-06	9.997400675824272e-06	9.997400675824272e-06	9.997400675824272e-06	9.997400675824272e-06	9.997400675824272e-06	9.997400675824272e-06	9.997400675824272e-06	9.997400675824272e-06	9.997400675824272e-06	9.997400675824272e-06	9.997400675824272e-06	9.997400675824272e-06	9.997400675824272e-06	9.997400675824272e-06
4.0	0.035714285714285705	0.035714285714285705	0.035714285714285705	0.035714285714285705	0.035714285714285705	0.035714285714285705	0.035714285714285705	0.035714285714285705	0.035714285714285705	0.035714285714285705	0.035714285714285705	0.035714285714285705	0.035714285714285705	0.035714285714285705	0.035714285714285705	0.035714285714285705	0.035714285714285705	0.035714285714285705	0.035714285714285705	0.035714285714285705	0.035714285714285705	0.035714285714285705	0.035714285714285705	0.035714285714285705	0.035714285714285705	0.035714285714285705	0.035714285714285705	0.035714285714285705
5.0	0.035714285714285705	0.035714285714285705	0.035714285714285705	0.035714285714285705	0.035714285714285705	0.035714285714285705	0.035714285714285705	0.035714285714285705	0.035714285714285705	0.035714285714285705	0.035714285714285705	0.035714285714285705	0.035714285714285705	0.035714285714285705	0.035714285714285705	0.035714285714285705	0.035714285714285705	0.035714285714285705	0.035714285714285705	0.035714285714285705	0.035714285714285705	0.035714285714285705	0.035714285714285705	0.035714285714285705	0.035714285714285705	0.035714285714285705	0.035714285714285705	0.035714285714285705
6.0	0.035714285714285705	0.035714285714285705	0.035714285714285705	0.035714285714285705	0.035714285714285705	0.035714285714285705	0.035714285714285705	0.035714285714285705	0.035714285714285705	0.035714285714285705	0.035714285714285705	0.035714285714285705	0.035714285714285705	0.035714285714285705	0.035714285714285705	0.035714285714285705	0.035714285714285705	0.035714285714285705	0.035714285714285705	0.035714285714285705	0.035714285714285705	0.035714285714285705	0.035714285714285705	0.035714285714285705	0.035714285714285705	0.035714285714285705	0.035714285714285705	0.035714285714285705
7.0	0.035714285714285705	0.035714285714285705	0.035714285714285705	0.035714285714285705	0.035714285714285705	0.035714285714285705	0.035714285714285705	0.035714285714285705	0.035714285714285705	0.035714285714285705	0.035714285714285705	0.035714285714285705	0.035714285714285705	0.035714285714285705	0.035714285714285705	0.035714285714285705	0.035714285714285705	0.035714285714285705	0.035714285714285705	0.035714285714285705	0.035714285714285705	0.035714285714285705	0.035714285714285705	0.035714285714285705	0.035714285714285705	0.035714285714285705	0.035714285714285705	0.035714285714285705
8.0	0.035714285714285705	0.035714285714285705	0.035714285714285705	0.035714285714285705	0.035714285714285705	0.035714285714285705	0.035714285714285705	0.035714285714285705	0.035714285714285705	0.035714285714285705	0.035714285714285705	0.035714285714285705	0.035714285714285705	0.035714285714285705	0.035714285714285705	0.035714285714285705	0.035714285714285705	0.035714285714285705	0.035714285714285705	0.035714285714285705	0.035714285714285705	0.035714285714285705	0.035714285714285705	0.035714285714285705	0.035714285714285705	0.035714285714285705	0.035714285714285705	0.035714285714285705
9.0	0.035714285714285705	0.035714285714285705	0.035714285714285705	0.035714285714285705	0.035714285714285705	0.035714285714285705	0.035714285714285705	0.035714285714285705	0.035714285714285705	0.035714285714285705	0.035714285714285705	0.035714285714285705	0.035714285714285705	0.035714285714285705	0.035714285714285705	0.035714285714285705	0.035714285714285705	0.035714285714285705	0.035714285714285705	0.035714285714285705	0.035714285714285705	0.035714285714285705	0.035714285714285705	0.035714285714285705	0.035714285714285705	0.035714285714285705	0.035714285714285705	0.035714285714285705
10.0	0.035714285714285705	0.035714285714285705	0.035714285714285705	0.035714285714285705	0.035714285714285705	0.035714285714285705	0.035714285714285705	0.035714285714285705	0.035714285714285705	0.035714285714285705	0.035714285714285705	0.035714285714285705	0.035714285714285705	0.035714285714285705	0.035714285714285705	0.035714285714285705	0.035714285714285705	0.035714285714285705	0.035714285714285705	0.035714285714285705	0.035714285714285705	0.035714285714285705	0.035714285714285705	0.035714285714285705	0.035714285714285705	0.035714285714285705	0.035714285714285705	0.035714285714285705
11.0	0.035714285714285705	0.035714285714285705	0.035714285714285705	0.035714285714285705	0.035714285714285705	0.035714285714285705	0.035714285714285705	0.035714285714285705	0.035714285714285705	0.035714285714285705	0.035714285714285705	0.035714285714285705	0.035714285714285705	0.035714285714285705	0.035714285714285705	0.035714285714285705	0.035714285714285705	0.035714285714285705	0.035714285714285705	0.035714285714285705	0.035714285714285705	0.035714285714285705	0.035714285714285705	0.035714285714285705	0.035714285714285705	0.035714285714285705	0.035714285714285705	0.035714285714285705
12.0	0.035714285714285705	0.035714285714285705	0.035714285714285705	0.035714285714285705	0.035714285714285705	0.035714285714285705	0.035714285714285705	0.035714285714285705	0.035714285714285705	0.035714285714285705	0.035714285714285705	0.035714285714285705	0.035714285714285705	0.035714285714285705	0.035714285714285705	0.035714285714285705	0.035714285714285705	0.035714285714285705	0.035714285714285705	0.035714285714285705	0.035714285714285705	0.035714285714285705	0.035714285714285705	0.035714285714285705	0.035714285714285705	0.035714285714285705	0.035714285714285705	0.035714285714285705
13.0	0.035714285714285705	0.035714285714285705	0.035714285714285705	0.035714285714285705	0.035714285714285705	0.035714285714285705	0.035714285714285705	0.035714285714285705	0.035714285714285705	0.035714285714285705	0.035714285714285705	0.035714285714285705	0.035714285714285705	0.035714285714285705	0.035714285714285705	0.035714285714285705	0.035714285714285705	0.035714285714285705	0.035714285714285705	0.035714285714285705	0.035714285714285705	0.035714285714285705	0.035714285714285705	0.035714285714285705	0.035714285714285705	0.035714285714285705	0.035714285714285705	0.035714285714285705
14.0	9.997400675824278e-06	9.997400675824278e-06	9.997400675824278e-06	9.997400675824278e-06	9.997400675824278e-06	9.997400675824278e-06	9.997400675824278e-06	9.997400675824278e-06	9.997400675824278e-06	9.997400675824278e-06	9.997400675824278e-06	9.997400675824278e-06	9.997400675824278e-06	0.8406595305127941	0.15908053706963363	9.997400675824278e-06	9.997400675824278e-06	9.997400675824278e-06	9.997400675824278e-06	9.997400675824278e-06	9.997400675824278e-06	9.997400675824278e-06	9.997400675824278e-06	9.997400675824278e-06	9.997400675824278e-06	9.997400675824278e-06	9.997400675824278e-06	9.997400675824278e-06
15.0	0.035714285714285705	0.035714285714285705	0.035714285714285705	0.035714285714285705	0.035714285714285705	0.035714285714285705	0.035714285714285705	0.035714285714285705	0.035714285714285705	0.035714285714285705	0.035714285714285705	0.035714285714285705	0.035714285714285705	0.035714285714285705	0.035714285714285705	0.035714285714285705	0.035714285714285705	0.035714285714285705	0.035714285714285705	0.035714285714285705	0.035714285714285705	0.035714285714285705	0.035714285714285705	0.035714285714285705	0.035714285714285705	0.035714285714285705	0.035714285714285705	0.035714285714285705
16.0	0.035714285714285705	0.035714285714285705	0.035714285714285705	0.035714285714285705	0.035714285714285705	0.035714285714285705	0.035714285714285705	0.035714285714285705	0.035714285714285705	0.035714285714285705	0.035714285714285705	0.035714285714285705	0.035714285714285705	0.035714285714285705	0.035714285714285705	0.035714285714285705	0.035714285714285705	0.035714285714285705	0.035714285714285705	0.035714285714285705	0.035714285714285705	0.035714285714285705	0.035714285714285705	0.035714285714285705	0.035714285714285705	0.035714285714285705	0.035714285714285705	0.035714285714285705
17.0	0.035714285714285705	0.035714285714285705	0.035714285714285705	0.035714285714285705	0.035714285714285705	0.035714285714285705	0.035714285714285705	0.035714285714285705	0.035714285714285705	0.035714285714285705	0.035714285714285705	0.035714285714285705	0.035714285714285705	0.035714285714285705	0.035714285714285705	0.035714285714285705	0.035714285714285705	0.035714285714285705	0.035714285714285705	0.035714285714285705	0.035714285714285705	0.035714285714285705	0.035714285714285705	0.035714285714285705	0.035714285714285705	0.035714285714285705	0.035714285714285705	0.035714285714285705
18.0	0.035714285714285705	0.035714285714285705	0.035714285714285705	0.035714285714285705	0.035714285714285705	0.035714285714285705	0.035714285714285705	0.035714285714285705	0.035714285714285705	0.035714285714285705	0.035714285714285705	0.035714285714285705	0.035714285714285705	0.035714285714285705	0.035714285714285705	0.035714285714285705	0.035714285714285705	0.035714285714285705	0.035714285714285705	0.035714285714285705	0.035714285714285705	0.035714285714285705	0.035714285714285705	0.035714285714285705	0.035714285714285705	0.035714285714285705	0.035714285714285705	0.035714285714285705
19.0	0.035714285714285705	0.035714285714285705	0.035714285714285705	0.035714285714285705	0.035714285714285705	0.035714285714285705	0.035714285714285705	0.035714285714285705	0.035714285714285705	0.035714285714285705	0.035714285714285705	0.035714285714285705	0.035714285714285705	0.035714285714285705	0.035714285714285705	0.035714285714285705	0.035714285714285705	0.035714285714285705	0.035714285714285705	0.035714285714285705	0.035714285714285705	0.035714285714285705	0.035714285714285705	0.035714285714285705	0.035714285714285705	0.035714285714285705	0.035714285714285705	0.035714285714285705
20.0	0.035714285714285705	0.035714285714285705	0.035714285714285705	0.035714285714285705	0.035714285714285705	0.035714285714285705	0.035714285714285705	0.035714285714285705	0.035714285714285705	0.035714285714285705	0.035714285714285705	0.035714285714285705	0.035714285714285705	0.035714285714285705	0.035714285714285705	0.035714285714285705	0.035714285714285705	0.035714285714285705	0.035714285714285705	0.035714285714285705	0.035714285714285705	0.035714285714285705	0.035714285714285705	0.035714285714285705	0.035714285714285705	0.035714285714285705	0.035714285714285705	0.035714285714285705
21.0	0.035714285714285705	0.035714285714285705	0.035714285714285705	0.035714285714285705	0.035714285714285705	0.035714285714285705	0.035714285714285705	0.035714285714285705	0.035714285714285705	0.035714285714285705	0.035714285714285705	0.035714285714285705	0.035714285714285705	0.035714285714285705	0.035714285714285705	0.035714285714285705	0.035714285714285705	0.035714285714285705	0.035714285714285705	0.035714285714285705	0.035714285714285705	0.035714285714285705	0.035714285714285705	0.035714285714285705	0.035714285714285705	0.035714285714285705	0.035714285714285705	0.035714285714285705
22.0	9.99730072880322e-06	9.99730072880322e-06	9.99730072880322e-06	9.99730072880322e-06	9.99730072880322e-06	9.99730072880322e-06	9.99730072880322e-06	9.99730072880322e-06	9.99730072880322e-06	9.99730072880322e-06	9.99730072880322e-06	9.99730072880322e-06	9.99730072880322e-06	9.99730072880322e-06	9.99730072880322e-06	9.99730072880322e-06	9.99730072880322e-06	9.99730072880322e-06	9.99730072880322e-06	9.99730072880322e-06	9.99730072880322e-06	0.9997300728803219	9.99730072880322e-06	9.99730072880322e-06	9.99730072880322e-06	9.99730072880322e-06	9.99730072880322e-06	9.99730072880322e-06
23.0	0.035714285714285705	0.035714285714285705	0.035714285714285705	0.035714285714285705	0.035714285714285705	0.035714285714285705	0.035714285714285705	0.035714285714285705	0.035714285714285705	0.035714285714285705	0.035714285714285705	0.035714285714285705	0.035714285714285705	0.035714285714285705	0.035714285714285705	0.035714285714285705	0.035714285714285705	0.035714285714285705	0.035714285714285705	0.035714285714285705	0.035714285714285705	0.035714285714285705	0.035714285714285705	0.035714285714285705	0.035714285714285705	0.035714285714285705	0.035714285714285705	0.035714285714285705
24.0	0.035714285714285705	0.035714285714285705	0.035714285714285705	0.035714285714285705	0.035714285714285705	0.035714285714285705	0.035714285714285705	0.035714285714285705	0.035714285714285705	0.035714285714285705	0.035714285714285705	0.035714285714285705	0.035714285714285705	0.035714285714285705	0.035714285714285705	0.035714285714285705	0.035714285714285705	0.035714285714285705	0.035714285714285705	0.035714285714285705	0.035714285714285705	0.035714285714285705	0.035714285714285705	0.035714285714285705	0.035714285714285705	0.035714285714285705	0.035714285714285705	0.035714285714285705
25.0	0.035714285714285705	0.035714285714285705	0.035714285714285705	0.035714285714285705	0.035714285714285705	0.035714285714285705	0.035714285714285705	0.035714285714285705	0.035714285714285705	0.035714285714285705	0.035714285714285705	0.035714285714285705	0.035714285714285705	0.035714285714285705	0.035714285714285705	0.035714285714285705	0.035714285714285705	0.035714285714285705	0.035714285714285705	0.035714285714285705	0.035714285714285705	0.035714285714285705	0.035714285714285705	0.035714285714285705	0.035714285714285705	0.035714285714285705	0.035714285714285705	0.035714285714285705
26.0	0.035714285714285705	0.035714285714285705	0.035714285714285705	0.035714285714285705	0.035714285714285705	0.035714285714285705	0.035714285714285705	0.035714285714285705	0.035714285714285705	0.035714285714285705	0.035714285714285705	0.035714285714285705	0.035714285714285705	0.035714285714285705	0.035714285714285705	0.035714285714285705	0.035714285714285705	0.035714285714285705	0.035714285714285705	0.035714285714285705	0.035714285714285705	0.035714285714285705	0.035714285714285705	0.035714285714285705	0.035714285714285705	0.035714285714285705	0.035714285714285705	0.035714285714285705
27.0	9.997400675824287e-06	9.997400675824287e-06	9.997400675824287e-06	9.997400675824287e-06	9.997400675824287e-06	9.997400675824287e-06	9.997400675824287e-06	9.997400675824287e-06	9.997400675824287e-06	9.997400675824287e-06	9.997400675824287e-06	9.997400675824287e-06	9.997400675824287e-06	9.997400675824287e-06	9.997400675824287e-06	9.997400675824287e-06	9.997400675824287e-06	9.997400675824287e-06	9.997400675824287e-06	9.997400675824287e-06	9.997400675824287e-06	9.997400675824287e-06	9.997400675824287e-06	9.997400675824287e-06	9.997400675824287e-06	9.997400675824287e-06	0.33324668919414285	0.6664933783882857
28.0	0.035714285714285705	0.035714285714285705	0.035714285714285705	0.035714285714285705	0.035714285714285705	0.035714285714285705	0.035714285714285705	0.035714285714285705	0.035714285714285705	0.035714285714285705	0.035714285714285705	0.035714285714285705	0.035714285714285705	0.035714285714285705	0.035714285714285705	0.035714285714285705	0.035714285714285705	0.035714285714285705	0.035714285714285705	0.035714285714285705	0.035714285714285705	0.035714285714285705	0.035714285714285705	0.035714285714285705	0.035714285714285705	0.035714285714285705	0.035714285714285705	0.035714285714285705
