	(20-21)-1.0	(20-21)-3.0	(20-21)-6.0	(20-21)-7.0	(20-21)-14.0	(20-21)-19.0	(20-21)-26.0	(20-21)-34.0	(20-21)-35.0	(20-21)-36.0	(20-21)-44.0	(20-21)-46.0	(20-21)-62.0	(20-21)-27.0	(20-21)-95.0	(20-21)-99.0	(20-21)-107.0	(20-21)-114.0	(20-21)-122.0	(20-21)-128.0	(20-21)-4.0	(20-21)-134.0
1.0	0.045454545454545456	0.045454545454545456	0.045454545454545456	0.045454545454545456	0.045454545454545456	0.045454545454545456	0.045454545454545456	0.045454545454545456	0.045454545454545456	0.045454545454545456	0.045454545454545456	0.045454545454545456	0.045454545454545456	0.045454545454545456	0.045454545454545456	0.045454545454545456	0.045454545454545456	0.045454545454545456	0.045454545454545456	0.045454545454545456	0.045454545454545456	0.045454545454545456
3.0	9.090735540503325e-07	0.9999809094553657	9.090735540503325e-07	9.090735540503325e-07	9.090735540503325e-07	9.090735540503325e-07	9.090735540503325e-07	9.090735540503325e-07	9.090735540503325e-07	9.090735540503325e-07	9.090735540503325e-07	9.090735540503325e-07	9.090735540503325e-07	9.090735540503325e-07	9.090735540503325e-07	9.090735540503325e-07	9.090735540503325e-07	9.090735540503325e-07	9.090735540503325e-07	9.090735540503325e-07	9.090735540503325e-07	9.090735540503325e-07
6.0	9.997900440907398e-06	9.997900440907398e-06	0.9997900440907398	9.997900440907398e-06	9.997900440907398e-06	9.997900440907398e-06	9.997900440907398e-06	9.997900440907398e-06	9.997900440907398e-06	9.997900440907398e-06	9.997900440907398e-06	9.997900440907398e-06	9.997900440907398e-06	9.997900440907398e-06	9.997900440907398e-06	9.997900440907398e-06	9.997900440907398e-06	9.997900440907398e-06	9.997900440907398e-06	9.997900440907398e-06	9.997900440907398e-06	9.997900440907398e-06
7.0	0.045454545454545456	0.045454545454545456	0.045454545454545456	0.045454545454545456	0.045454545454545456	0.045454545454545456	0.045454545454545456	0.045454545454545456	0.045454545454545456	0.045454545454545456	0.045454545454545456	0.045454545454545456	0.045454545454545456	0.045454545454545456	0.045454545454545456	0.045454545454545456	0.045454545454545456	0.045454545454545456	0.045454545454545456	0.045454545454545456	0.045454545454545456	0.045454545454545456
14.0	0.045454545454545456	0.045454545454545456	0.045454545454545456	0.045454545454545456	0.045454545454545456	0.045454545454545456	0.045454545454545456	0.045454545454545456	0.045454545454545456	0.045454545454545456	0.045454545454545456	0.045454545454545456	0.045454545454545456	0.045454545454545456	0.045454545454545456	0.045454545454545456	0.045454545454545456	0.045454545454545456	0.045454545454545456	0.045454545454545456	0.045454545454545456	0.045454545454545456
19.0	0.045454545454545456	0.045454545454545456	0.045454545454545456	0.045454545454545456	0.045454545454545456	0.045454545454545456	0.045454545454545456	0.045454545454545456	0.045454545454545456	0.045454545454545456	0.045454545454545456	0.045454545454545456	0.045454545454545456	0.045454545454545456	0.045454545454545456	0.045454545454545456	0.045454545454545456	0.045454545454545456	0.045454545454545456	0.045454545454545456	0.045454545454545456	0.045454545454545456
26.0	0.045454545454545456	0.045454545454545456	0.045454545454545456	0.045454545454545456	0.045454545454545456	0.045454545454545456	0.045454545454545456	0.045454545454545456	0.045454545454545456	0.045454545454545456	0.045454545454545456	0.045454545454545456	0.045454545454545456	0.045454545454545456	0.045454545454545456	0.045454545454545456	0.045454545454545456	0.045454545454545456	0.045454545454545456	0.045454545454545456	0.045454545454545456	0.045454545454545456
34.0	0.045454545454545456	0.045454545454545456	0.045454545454545456	0.045454545454545456	0.045454545454545456	0.045454545454545456	0.045454545454545456	0.045454545454545456	0.045454545454545456	0.045454545454545456	0.045454545454545456	0.045454545454545456	0.045454545454545456	0.045454545454545456	0.045454545454545456	0.045454545454545456	0.045454545454545456	0.045454545454545456	0.045454545454545456	0.045454545454545456	0.045454545454545456	0.045454545454545456
35.0	0.045454545454545456	0.045454545454545456	0.045454545454545456	0.045454545454545456	0.045454545454545456	0.045454545454545456	0.045454545454545456	0.045454545454545456	0.045454545454545456	0.045454545454545456	0.045454545454545456	0.045454545454545456	0.045454545454545456	0.045454545454545456	0.045454545454545456	0.045454545454545456	0.045454545454545456	0.045454545454545456	0.045454545454545456	0.045454545454545456	0.045454545454545456	0.045454545454545456
36.0	0.045454545454545456	0.045454545454545456	0.045454545454545456	0.045454545454545456	0.045454545454545456	0.045454545454545456	0.045454545454545456	0.045454545454545456	0.045454545454545456	0.045454545454545456	0.045454545454545456	0.045454545454545456	0.045454545454545456	0.045454545454545456	0.045454545454545456	0.045454545454545456	0.045454545454545456	0.045454545454545456	0.045454545454545456	0.045454545454545456	0.045454545454545456	0.045454545454545456
44.0	0.045454545454545456	0.045454545454545456	0.045454545454545456	0.045454545454545456	0.045454545454545456	0.045454545454545456	0.045454545454545456	0.045454545454545456	0.045454545454545456	0.045454545454545456	0.045454545454545456	0.045454545454545456	0.045454545454545456	0.045454545454545456	0.045454545454545456	0.045454545454545456	0.045454545454545456	0.045454545454545456	0.045454545454545456	0.045454545454545456	0.045454545454545456	0.045454545454545456
46.0	0.045454545454545456	0.045454545454545456	0.045454545454545456	0.045454545454545456	0.045454545454545456	0.045454545454545456	0.045454545454545456	0.045454545454545456	0.045454545454545456	0.045454545454545456	0.045454545454545456	0.045454545454545456	0.045454545454545456	0.045454545454545456	0.045454545454545456	0.045454545454545456	0.045454545454545456	0.045454545454545456	0.045454545454545456	0.045454545454545456	0.045454545454545456	0.045454545454545456
62.0	0.045454545454545456	0.045454545454545456	0.045454545454545456	0.045454545454545456	0.045454545454545456	0.045454545454545456	0.045454545454545456	0.045454545454545456	0.045454545454545456	0.045454545454545456	0.045454545454545456	0.045454545454545456	0.045454545454545456	0.045454545454545456	0.045454545454545456	0.045454545454545456	0.045454545454545456	0.045454545454545456	0.045454545454545456	0.045454545454545456	0.045454545454545456	0.045454545454545456
27.0	0.045454545454545456	0.045454545454545456	0.045454545454545456	0.045454545454545456	0.045454545454545456	0.045454545454545456	0.045454545454545456	0.045454545454545456	0.045454545454545456	0.045454545454545456	0.045454545454545456	0.045454545454545456	0.045454545454545456	0.045454545454545456	0.045454545454545456	0.045454545454545456	0.045454545454545456	0.045454545454545456	0.045454545454545456	0.045454545454545456	0.045454545454545456	0.045454545454545456
95.0	0.045454545454545456	0.045454545454545456	0.045454545454545456	0.045454545454545456	0.045454545454545456	0.045454545454545456	0.045454545454545456	0.045454545454545456	0.045454545454545456	0.045454545454545456	0.045454545454545456	0.045454545454545456	0.045454545454545456	0.045454545454545456	0.045454545454545456	0.045454545454545456	0.045454545454545456	0.045454545454545456	0.045454545454545456	0.045454545454545456	0.045454545454545456	0.045454545454545456
99.0	0.045454545454545456	0.045454545454545456	0.045454545454545456	0.045454545454545456	0.045454545454545456	0.045454545454545456	0.045454545454545456	0.045454545454545456	0.045454545454545456	0.045454545454545456	0.045454545454545456	0.045454545454545456	0.045454545454545456	0.045454545454545456	0.045454545454545456	0.045454545454545456	0.045454545454545456	0.045454545454545456	0.045454545454545456	0.045454545454545456	0.045454545454545456	0.045454545454545456
107.0	0.045454545454545456	0.045454545454545456	0.045454545454545456	0.045454545454545456	0.045454545454545456	0.045454545454545456	0.045454545454545456	0.045454545454545456	0.045454545454545456	0.045454545454545456	0.045454545454545456	0.045454545454545456	0.045454545454545456	0.045454545454545456	0.045454545454545456	0.045454545454545456	0.045454545454545456	0.045454545454545456	0.045454545454545456	0.045454545454545456	0.045454545454545456	0.045454545454545456
114.0	0.045454545454545456	0.045454545454545456	0.045454545454545456	0.045454545454545456	0.045454545454545456	0.045454545454545456	0.045454545454545456	0.045454545454545456	0.045454545454545456	0.045454545454545456	0.045454545454545456	0.045454545454545456	0.045454545454545456	0.045454545454545456	0.045454545454545456	0.045454545454545456	0.045454545454545456	0.045454545454545456	0.045454545454545456	0.045454545454545456	0.045454545454545456	0.045454545454545456
122.0	0.045454545454545456	0.045454545454545456	0.045454545454545456	0.045454545454545456	0.045454545454545456	0.045454545454545456	0.045454545454545456	0.045454545454545456	0.045454545454545456	0.045454545454545456	0.045454545454545456	0.045454545454545456	0.045454545454545456	0.045454545454545456	0.045454545454545456	0.045454545454545456	0.045454545454545456	0.045454545454545456	0.045454545454545456	0.045454545454545456	0.045454545454545456	0.045454545454545456
128.0	0.045454545454545456	0.045454545454545456	0.045454545454545456	0.045454545454545456	0.045454545454545456	0.045454545454545456	0.045454545454545456	0.045454545454545456	0.045454545454545456	0.045454545454545456	0.045454545454545456	0.045454545454545456	0.045454545454545456	0.045454545454545456	0.045454545454545456	0.045454545454545456	0.045454545454545456	0.045454545454545456	0.045454545454545456	0.045454545454545456	0.045454545454545456	0.045454545454545456
4.0	9.99790044090741e-06	9.99790044090741e-06	9.99790044090741e-06	9.99790044090741e-06	9.99790044090741e-06	9.99790044090741e-06	9.99790044090741e-06	9.99790044090741e-06	9.99790044090741e-06	9.99790044090741e-06	9.99790044090741e-06	9.99790044090741e-06	9.99790044090741e-06	9.99790044090741e-06	9.99790044090741e-06	9.99790044090741e-06	9.99790044090741e-06	9.99790044090741e-06	9.99790044090741e-06	9.99790044090741e-06	0.9997900440907409	9.99790044090741e-06
134.0	0.045454545454545456	0.045454545454545456	0.045454545454545456	0.045454545454545456	0.045454545454545456	0.045454545454545456	0.045454545454545456	0.045454545454545456	0.045454545454545456	0.045454545454545456	0.045454545454545456	0.045454545454545456	0.045454545454545456	0.045454545454545456	0.045454545454545456	0.045454545454545456	0.045454545454545456	0.045454545454545456	0.045454545454545456	0.045454545454545456	0.045454545454545456	0.045454545454545456
