	(7-8)-1.0	(7-8)-3.0	(7-8)-6.0	(7-8)-7.0	(7-8)-14.0	(7-8)-19.0	(7-8)-26.0	(7-8)-34.0	(7-8)-35.0	(7-8)-36.0	(7-8)-44.0	(7-8)-46.0	(7-8)-62.0	(7-8)-27.0	(7-8)-95.0	(7-8)-99.0	(7-8)-107.0	(7-8)-114.0	(7-8)-122.0	(7-8)-128.0	(7-8)-4.0	(7-8)-134.0
1.0	0.045454545454545456	0.045454545454545456	0.045454545454545456	0.045454545454545456	0.045454545454545456	0.045454545454545456	0.045454545454545456	0.045454545454545456	0.045454545454545456	0.045454545454545456	0.045454545454545456	0.045454545454545456	0.045454545454545456	0.045454545454545456	0.045454545454545456	0.045454545454545456	0.045454545454545456	0.045454545454545456	0.045454545454545456	0.045454545454545456	0.045454545454545456	0.045454545454545456
3.0	9.997900440907396e-06	0.9997900440907396	9.997900440907396e-06	9.997900440907396e-06	9.997900440907396e-06	9.997900440907396e-06	9.997900440907396e-06	9.997900440907396e-06	9.997900440907396e-06	9.997900440907396e-06	9.997900440907396e-06	9.997900440907396e-06	9.997900440907396e-06	9.997900440907396e-06	9.997900440907396e-06	9.997900440907396e-06	9.997900440907396e-06	9.997900440907396e-06	9.997900440907396e-06	9.997900440907396e-06	9.997900440907396e-06	9.997900440907396e-06
6.0	1.709349114044356e-06	1.709349114044356e-06	0.7134626089496121	0.14529467469377025	1.709349114044356e-06	0.10034008626662669	1.709349114044356e-06	1.709349114044356e-06	1.709349114044356e-06	1.709349114044356e-06	1.709349114044356e-06	1.709349114044356e-06	1.709349114044356e-06	1.709349114044356e-06	1.709349114044356e-06	1.709349114044356e-06	0.04087186180593926	1.709349114044356e-06	1.709349114044356e-06	1.709349114044356e-06	1.709349114044356e-06	1.709349114044356e-06
7.0	6.657346381732235e-05	6.657346381732235e-05	6.657346381732235e-05	0.998601957259835	6.657346381732235e-05	6.657346381732235e-05	6.657346381732235e-05	6.657346381732235e-05	6.657346381732235e-05	6.657346381732235e-05	6.657346381732235e-05	6.657346381732235e-05	6.657346381732235e-05	6.657346381732235e-05	6.657346381732235e-05	6.657346381732235e-05	6.657346381732235e-05	6.657346381732235e-05	6.657346381732235e-05	6.657346381732235e-05	6.657346381732235e-05	6.657346381732235e-05
14.0	0.045454545454545456	0.045454545454545456	0.045454545454545456	0.045454545454545456	0.045454545454545456	0.045454545454545456	0.045454545454545456	0.045454545454545456	0.045454545454545456	0.045454545454545456	0.045454545454545456	0.045454545454545456	0.045454545454545456	0.045454545454545456	0.045454545454545456	0.045454545454545456	0.045454545454545456	0.045454545454545456	0.045454545454545456	0.045454545454545456	0.045454545454545456	0.045454545454545456
19.0	0.045454545454545456	0.045454545454545456	0.045454545454545456	0.045454545454545456	0.045454545454545456	0.045454545454545456	0.045454545454545456	0.045454545454545456	0.045454545454545456	0.045454545454545456	0.045454545454545456	0.045454545454545456	0.045454545454545456	0.045454545454545456	0.045454545454545456	0.045454545454545456	0.045454545454545456	0.045454545454545456	0.045454545454545456	0.045454545454545456	0.045454545454545456	0.045454545454545456
26.0	9.997900440907401e-06	9.997900440907401e-06	9.997900440907401e-06	9.997900440907401e-06	9.997900440907401e-06	9.997900440907401e-06	0.99979004409074	9.997900440907401e-06	9.997900440907401e-06	9.997900440907401e-06	9.997900440907401e-06	9.997900440907401e-06	9.997900440907401e-06	9.997900440907401e-06	9.997900440907401e-06	9.997900440907401e-06	9.997900440907401e-06	9.997900440907401e-06	9.997900440907401e-06	9.997900440907401e-06	9.997900440907401e-06	9.997900440907401e-06
34.0	0.045454545454545456	0.045454545454545456	0.045454545454545456	0.045454545454545456	0.045454545454545456	0.045454545454545456	0.045454545454545456	0.045454545454545456	0.045454545454545456	0.045454545454545456	0.045454545454545456	0.045454545454545456	0.045454545454545456	0.045454545454545456	0.045454545454545456	0.045454545454545456	0.045454545454545456	0.045454545454545456	0.045454545454545456	0.045454545454545456	0.045454545454545456	0.045454545454545456
35.0	0.045454545454545456	0.045454545454545456	0.045454545454545456	0.045454545454545456	0.045454545454545456	0.045454545454545456	0.045454545454545456	0.045454545454545456	0.045454545454545456	0.045454545454545456	0.045454545454545456	0.045454545454545456	0.045454545454545456	0.045454545454545456	0.045454545454545456	0.045454545454545456	0.045454545454545456	0.045454545454545456	0.045454545454545456	0.045454545454545456	0.045454545454545456	0.045454545454545456
36.0	0.045454545454545456	0.045454545454545456	0.045454545454545456	0.045454545454545456	0.045454545454545456	0.045454545454545456	0.045454545454545456	0.045454545454545456	0.045454545454545456	0.045454545454545456	0.045454545454545456	0.045454545454545456	0.045454545454545456	0.045454545454545456	0.045454545454545456	0.045454545454545456	0.045454545454545456	0.045454545454545456	0.045454545454545456	0.045454545454545456	0.045454545454545456	0.045454545454545456
44.0	0.045454545454545456	0.045454545454545456	0.045454545454545456	0.045454545454545456	0.045454545454545456	0.045454545454545456	0.045454545454545456	0.045454545454545456	0.045454545454545456	0.045454545454545456	0.045454545454545456	0.045454545454545456	0.045454545454545456	0.045454545454545456	0.045454545454545456	0.045454545454545456	0.045454545454545456	0.045454545454545456	0.045454545454545456	0.045454545454545456	0.045454545454545456	0.045454545454545456
46.0	9.998000399920007e-06	9.998000399920007e-06	0.3034858580625027	9.998000399920007e-06	9.998000399920007e-06	9.998000399920007e-06	9.998000399920007e-06	9.998000399920007e-06	9.998000399920007e-06	9.998000399920007e-06	9.998000399920007e-06	0.696314181929498	9.998000399920007e-06	9.998000399920007e-06	9.998000399920007e-06	9.998000399920007e-06	9.998000399920007e-06	9.998000399920007e-06	9.998000399920007e-06	9.998000399920007e-06	9.998000399920007e-06	9.998000399920007e-06
62.0	0.045454545454545456	0.045454545454545456	0.045454545454545456	0.045454545454545456	0.045454545454545456	0.045454545454545456	0.045454545454545456	0.045454545454545456	0.045454545454545456	0.045454545454545456	0.045454545454545456	0.045454545454545456	0.045454545454545456	0.045454545454545456	0.045454545454545456	0.045454545454545456	0.045454545454545456	0.045454545454545456	0.045454545454545456	0.045454545454545456	0.045454545454545456	0.045454545454545456
27.0	0.045454545454545456	0.045454545454545456	0.045454545454545456	0.045454545454545456	0.045454545454545456	0.045454545454545456	0.045454545454545456	0.045454545454545456	0.045454545454545456	0.045454545454545456	0.045454545454545456	0.045454545454545456	0.045454545454545456	0.045454545454545456	0.045454545454545456	0.045454545454545456	0.045454545454545456	0.045454545454545456	0.045454545454545456	0.045454545454545456	0.045454545454545456	0.045454545454545456
95.0	0.00013296767190319712	0.00013296767190319712	0.9972076788900338	0.00013296767190319712	0.00013296767190319712	0.00013296767190319712	0.00013296767190319712	0.00013296767190319712	0.00013296767190319712	0.00013296767190319712	0.00013296767190319712	0.00013296767190319712	0.00013296767190319712	0.00013296767190319712	0.00013296767190319712	0.00013296767190319712	0.00013296767190319712	0.00013296767190319712	0.00013296767190319712	0.00013296767190319712	0.00013296767190319712	0.00013296767190319712
99.0	1.0808313216298903e-05	1.0808313216298903e-05	0.9997730254224586	1.0808313216298903e-05	1.0808313216298903e-05	1.0808313216298903e-05	1.0808313216298903e-05	1.0808313216298903e-05	1.0808313216298903e-05	1.0808313216298903e-05	1.0808313216298903e-05	1.0808313216298903e-05	1.0808313216298903e-05	1.0808313216298903e-05	1.0808313216298903e-05	1.0808313216298903e-05	1.0808313216298903e-05	1.0808313216298903e-05	1.0808313216298903e-05	1.0808313216298903e-05	1.0808313216298903e-05	1.0808313216298903e-05
107.0	0.045454545454545456	0.045454545454545456	0.045454545454545456	0.045454545454545456	0.045454545454545456	0.045454545454545456	0.045454545454545456	0.045454545454545456	0.045454545454545456	0.045454545454545456	0.045454545454545456	0.045454545454545456	0.045454545454545456	0.045454545454545456	0.045454545454545456	0.045454545454545456	0.045454545454545456	0.045454545454545456	0.045454545454545456	0.045454545454545456	0.045454545454545456	0.045454545454545456
114.0	9.997900440907408e-06	9.997900440907408e-06	9.997900440907408e-06	9.997900440907408e-06	9.997900440907408e-06	9.997900440907408e-06	9.997900440907408e-06	9.997900440907408e-06	9.997900440907408e-06	9.997900440907408e-06	9.997900440907408e-06	9.997900440907408e-06	9.997900440907408e-06	9.997900440907408e-06	9.997900440907408e-06	9.997900440907408e-06	9.997900440907408e-06	0.9997900440907407	9.997900440907408e-06	9.997900440907408e-06	9.997900440907408e-06	9.997900440907408e-06
122.0	0.045454545454545456	0.045454545454545456	0.045454545454545456	0.045454545454545456	0.045454545454545456	0.045454545454545456	0.045454545454545456	0.045454545454545456	0.045454545454545456	0.045454545454545456	0.045454545454545456	0.045454545454545456	0.045454545454545456	0.045454545454545456	0.045454545454545456	0.045454545454545456	0.045454545454545456	0.045454545454545456	0.045454545454545456	0.045454545454545456	0.045454545454545456	0.045454545454545456
128.0	0.045454545454545456	0.045454545454545456	0.045454545454545456	0.045454545454545456	0.045454545454545456	0.045454545454545456	0.045454545454545456	0.045454545454545456	0.045454545454545456	0.045454545454545456	0.045454545454545456	0.045454545454545456	0.045454545454545456	0.045454545454545456	0.045454545454545456	0.045454545454545456	0.045454545454545456	0.045454545454545456	0.045454545454545456	0.045454545454545456	0.045454545454545456	0.045454545454545456
4.0	4.9995000499950035e-06	4.9995000499950035e-06	0.3999300129975007	4.9995000499950035e-06	4.9995000499950035e-06	4.9995000499950035e-06	4.9995000499950035e-06	4.9995000499950035e-06	4.9995000499950035e-06	4.9995000499950035e-06	4.9995000499950035e-06	4.9995000499950035e-06	4.9995000499950035e-06	4.9995000499950035e-06	4.9995000499950035e-06	4.9995000499950035e-06	4.9995000499950035e-06	4.9995000499950035e-06	4.9995000499950035e-06	4.9995000499950035e-06	0.5999699970014999	4.9995000499950035e-06
134.0	0.045454545454545456	0.045454545454545456	0.045454545454545456	0.045454545454545456	0.045454545454545456	0.045454545454545456	0.045454545454545456	0.045454545454545456	0.045454545454545456	0.045454545454545456	0.045454545454545456	0.045454545454545456	0.045454545454545456	0.045454545454545456	0.045454545454545456	0.045454545454545456	0.045454545454545456	0.045454545454545456	0.045454545454545456	0.045454545454545456	0.045454545454545456	0.045454545454545456
