	(13-14)-1.0	(13-14)-2.0	(13-14)-3.0	(13-14)-4.0	(13-14)-5.0	(13-14)-6.0	(13-14)-7.0	(13-14)-8.0	(13-14)-9.0	(13-14)-10.0	(13-14)-11.0	(13-14)-12.0	(13-14)-13.0	(13-14)-14.0	(13-14)-15.0	(13-14)-16.0	(13-14)-17.0
1.0	0.9999200063994875	4.999600031997438e-06	4.999600031997438e-06	4.999600031997438e-06	4.999600031997438e-06	4.999600031997438e-06	4.999600031997438e-06	4.999600031997438e-06	4.999600031997438e-06	4.999600031997438e-06	4.999600031997438e-06	4.999600031997438e-06	4.999600031997438e-06	4.999600031997438e-06	4.999600031997438e-06	4.999600031997438e-06	4.999600031997438e-06
2.0	3.7035253899299976e-06	0.9999407435937607	3.7035253899299976e-06	3.7035253899299976e-06	3.7035253899299976e-06	3.7035253899299976e-06	3.7035253899299976e-06	3.7035253899299976e-06	3.7035253899299976e-06	3.7035253899299976e-06	3.7035253899299976e-06	3.7035253899299976e-06	3.7035253899299976e-06	3.7035253899299976e-06	3.7035253899299976e-06	3.7035253899299976e-06	3.7035253899299976e-06
3.0	0.058823529411764705	0.058823529411764705	0.058823529411764705	0.058823529411764705	0.058823529411764705	0.058823529411764705	0.058823529411764705	0.058823529411764705	0.058823529411764705	0.058823529411764705	0.058823529411764705	0.058823529411764705	0.058823529411764705	0.058823529411764705	0.058823529411764705	0.058823529411764705	0.058823529411764705
4.0	0.058823529411764705	0.058823529411764705	0.058823529411764705	0.058823529411764705	0.058823529411764705	0.058823529411764705	0.058823529411764705	0.058823529411764705	0.058823529411764705	0.058823529411764705	0.058823529411764705	0.058823529411764705	0.058823529411764705	0.058823529411764705	0.058823529411764705	0.058823529411764705	0.058823529411764705
5.0	9.998400255959039e-06	9.998400255959039e-06	9.998400255959039e-06	9.998400255959039e-06	0.9998400255959038	9.998400255959039e-06	9.998400255959039e-06	9.998400255959039e-06	9.998400255959039e-06	9.998400255959039e-06	9.998400255959039e-06	9.998400255959039e-06	9.998400255959039e-06	9.998400255959039e-06	9.998400255959039e-06	9.998400255959039e-06	9.998400255959039e-06
6.0	0.058823529411764705	0.058823529411764705	0.058823529411764705	0.058823529411764705	0.058823529411764705	0.058823529411764705	0.058823529411764705	0.058823529411764705	0.058823529411764705	0.058823529411764705	0.058823529411764705	0.058823529411764705	0.058823529411764705	0.058823529411764705	0.058823529411764705	0.058823529411764705	0.058823529411764705
7.0	0.058823529411764705	0.058823529411764705	0.058823529411764705	0.058823529411764705	0.058823529411764705	0.058823529411764705	0.058823529411764705	0.058823529411764705	0.058823529411764705	0.058823529411764705	0.058823529411764705	0.058823529411764705	0.058823529411764705	0.058823529411764705	0.058823529411764705	0.058823529411764705	0.058823529411764705
8.0	0.058823529411764705	0.058823529411764705	0.058823529411764705	0.058823529411764705	0.058823529411764705	0.058823529411764705	0.058823529411764705	0.058823529411764705	0.058823529411764705	0.058823529411764705	0.058823529411764705	0.058823529411764705	0.058823529411764705	0.058823529411764705	0.058823529411764705	0.058823529411764705	0.058823529411764705
9.0	0.058823529411764705	0.058823529411764705	0.058823529411764705	0.058823529411764705	0.058823529411764705	0.058823529411764705	0.058823529411764705	0.058823529411764705	0.058823529411764705	0.058823529411764705	0.058823529411764705	0.058823529411764705	0.058823529411764705	0.058823529411764705	0.058823529411764705	0.058823529411764705	0.058823529411764705
10.0	0.058823529411764705	0.058823529411764705	0.058823529411764705	0.058823529411764705	0.058823529411764705	0.058823529411764705	0.058823529411764705	0.058823529411764705	0.058823529411764705	0.058823529411764705	0.058823529411764705	0.058823529411764705	0.058823529411764705	0.058823529411764705	0.058823529411764705	0.058823529411764705	0.058823529411764705
11.0	9.998500224966251e-06	0.21666749987501863	9.998500224966251e-06	9.998500224966251e-06	9.998500224966251e-06	9.998500224966251e-06	9.998500224966251e-06	9.998500224966251e-06	9.998500224966251e-06	9.998500224966251e-06	0.7831825226216064	9.998500224966251e-06	9.998500224966251e-06	9.998500224966251e-06	9.998500224966251e-06	9.998500224966251e-06	9.998500224966251e-06
12.0	0.058823529411764705	0.058823529411764705	0.058823529411764705	0.058823529411764705	0.058823529411764705	0.058823529411764705	0.058823529411764705	0.058823529411764705	0.058823529411764705	0.058823529411764705	0.058823529411764705	0.058823529411764705	0.058823529411764705	0.058823529411764705	0.058823529411764705	0.058823529411764705	0.058823529411764705
13.0	0.058823529411764705	0.058823529411764705	0.058823529411764705	0.058823529411764705	0.058823529411764705	0.058823529411764705	0.058823529411764705	0.058823529411764705	0.058823529411764705	0.058823529411764705	0.058823529411764705	0.058823529411764705	0.058823529411764705	0.058823529411764705	0.058823529411764705	0.058823529411764705	0.058823529411764705
14.0	0.058823529411764705	0.058823529411764705	0.058823529411764705	0.058823529411764705	0.058823529411764705	0.058823529411764705	0.058823529411764705	0.058823529411764705	0.058823529411764705	0.058823529411764705	0.058823529411764705	0.058823529411764705	0.058823529411764705	0.058823529411764705	0.058823529411764705	0.058823529411764705	0.058823529411764705
15.0	9.998400255959046e-06	9.998400255959046e-06	9.998400255959046e-06	9.998400255959046e-06	9.998400255959046e-06	9.998400255959046e-06	9.998400255959046e-06	9.998400255959046e-06	9.998400255959046e-06	9.998400255959046e-06	9.998400255959046e-06	9.998400255959046e-06	9.998400255959046e-06	9.998400255959046e-06	0.9998400255959045	9.998400255959046e-06	9.998400255959046e-06
16.0	3.3312235251185234e-05	0.9994670042359804	3.3312235251185234e-05	3.3312235251185234e-05	3.3312235251185234e-05	3.3312235251185234e-05	3.3312235251185234e-05	3.3312235251185234e-05	3.3312235251185234e-05	3.3312235251185234e-05	3.3312235251185234e-05	3.3312235251185234e-05	3.3312235251185234e-05	3.3312235251185234e-05	3.3312235251185234e-05	3.3312235251185234e-05	3.3312235251185234e-05
17.0	0.058823529411764705	0.058823529411764705	0.058823529411764705	0.058823529411764705	0.058823529411764705	0.058823529411764705	0.058823529411764705	0.058823529411764705	0.058823529411764705	0.058823529411764705	0.058823529411764705	0.058823529411764705	0.058823529411764705	0.058823529411764705	0.058823529411764705	0.058823529411764705	0.058823529411764705
