	(15-16)-1.0	(15-16)-2.0	(15-16)-3.0	(15-16)-4.0	(15-16)-5.0	(15-16)-6.0	(15-16)-7.0	(15-16)-8.0	(15-16)-9.0	(15-16)-10.0	(15-16)-11.0	(15-16)-12.0	(15-16)-13.0	(15-16)-14.0	(15-16)-15.0	(15-16)-16.0	(15-16)-17.0	(15-16)-18.0	(15-16)-19.0	(15-16)-20.0	(15-16)-21.0	(15-16)-22.0	(15-16)-23.0
1.0	0.043478260869565216	0.043478260869565216	0.043478260869565216	0.043478260869565216	0.043478260869565216	0.043478260869565216	0.043478260869565216	0.043478260869565216	0.043478260869565216	0.043478260869565216	0.043478260869565216	0.043478260869565216	0.043478260869565216	0.043478260869565216	0.043478260869565216	0.043478260869565216	0.043478260869565216	0.043478260869565216	0.043478260869565216	0.043478260869565216	0.043478260869565216	0.043478260869565216	0.043478260869565216
2.0	9.99780048389353e-06	0.9997800483893529	9.99780048389353e-06	9.99780048389353e-06	9.99780048389353e-06	9.99780048389353e-06	9.99780048389353e-06	9.99780048389353e-06	9.99780048389353e-06	9.99780048389353e-06	9.99780048389353e-06	9.99780048389353e-06	9.99780048389353e-06	9.99780048389353e-06	9.99780048389353e-06	9.99780048389353e-06	9.99780048389353e-06	9.99780048389353e-06	9.99780048389353e-06	9.99780048389353e-06	9.99780048389353e-06	9.99780048389353e-06	9.99780048389353e-06
3.0	4.9994750551192106e-06	4.9994750551192106e-06	0.499947505511921	4.9994750551192106e-06	4.9994750551192106e-06	4.9994750551192106e-06	0.499947505511921	4.9994750551192106e-06	4.9994750551192106e-06	4.9994750551192106e-06	4.9994750551192106e-06	4.9994750551192106e-06	4.9994750551192106e-06	4.9994750551192106e-06	4.9994750551192106e-06	4.9994750551192106e-06	4.9994750551192106e-06	4.9994750551192106e-06	4.9994750551192106e-06	4.9994750551192106e-06	4.9994750551192106e-06	4.9994750551192106e-06	4.9994750551192106e-06
4.0	0.043478260869565216	0.043478260869565216	0.043478260869565216	0.043478260869565216	0.043478260869565216	0.043478260869565216	0.043478260869565216	0.043478260869565216	0.043478260869565216	0.043478260869565216	0.043478260869565216	0.043478260869565216	0.043478260869565216	0.043478260869565216	0.043478260869565216	0.043478260869565216	0.043478260869565216	0.043478260869565216	0.043478260869565216	0.043478260869565216	0.043478260869565216	0.043478260869565216	0.043478260869565216
5.0	0.043478260869565216	0.043478260869565216	0.043478260869565216	0.043478260869565216	0.043478260869565216	0.043478260869565216	0.043478260869565216	0.043478260869565216	0.043478260869565216	0.043478260869565216	0.043478260869565216	0.043478260869565216	0.043478260869565216	0.043478260869565216	0.043478260869565216	0.043478260869565216	0.043478260869565216	0.043478260869565216	0.043478260869565216	0.043478260869565216	0.043478260869565216	0.043478260869565216	0.043478260869565216
6.0	9.787098079083407e-07	9.787098079083407e-07	9.787098079083407e-07	9.787098079083407e-07	9.787098079083407e-07	0.8352332251288235	9.787098079083407e-07	9.787098079083407e-07	9.787098079083407e-07	9.787098079083407e-07	9.787098079083407e-07	9.787098079083407e-07	0.164746221965211	9.787098079083407e-07	9.787098079083407e-07	9.787098079083407e-07	9.787098079083407e-07	9.787098079083407e-07	9.787098079083407e-07	9.787098079083407e-07	9.787098079083407e-07	9.787098079083407e-07	9.787098079083407e-07
7.0	0.043478260869565216	0.043478260869565216	0.043478260869565216	0.043478260869565216	0.043478260869565216	0.043478260869565216	0.043478260869565216	0.043478260869565216	0.043478260869565216	0.043478260869565216	0.043478260869565216	0.043478260869565216	0.043478260869565216	0.043478260869565216	0.043478260869565216	0.043478260869565216	0.043478260869565216	0.043478260869565216	0.043478260869565216	0.043478260869565216	0.043478260869565216	0.043478260869565216	0.043478260869565216
8.0	0.043478260869565216	0.043478260869565216	0.043478260869565216	0.043478260869565216	0.043478260869565216	0.043478260869565216	0.043478260869565216	0.043478260869565216	0.043478260869565216	0.043478260869565216	0.043478260869565216	0.043478260869565216	0.043478260869565216	0.043478260869565216	0.043478260869565216	0.043478260869565216	0.043478260869565216	0.043478260869565216	0.043478260869565216	0.043478260869565216	0.043478260869565216	0.043478260869565216	0.043478260869565216
9.0	0.043478260869565216	0.043478260869565216	0.043478260869565216	0.043478260869565216	0.043478260869565216	0.043478260869565216	0.043478260869565216	0.043478260869565216	0.043478260869565216	0.043478260869565216	0.043478260869565216	0.043478260869565216	0.043478260869565216	0.043478260869565216	0.043478260869565216	0.043478260869565216	0.043478260869565216	0.043478260869565216	0.043478260869565216	0.043478260869565216	0.043478260869565216	0.043478260869565216	0.043478260869565216
10.0	0.043478260869565216	0.043478260869565216	0.043478260869565216	0.043478260869565216	0.043478260869565216	0.043478260869565216	0.043478260869565216	0.043478260869565216	0.043478260869565216	0.043478260869565216	0.043478260869565216	0.043478260869565216	0.043478260869565216	0.043478260869565216	0.043478260869565216	0.043478260869565216	0.043478260869565216	0.043478260869565216	0.043478260869565216	0.043478260869565216	0.043478260869565216	0.043478260869565216	0.043478260869565216
11.0	5.608849741163068e-06	5.608849741163068e-06	5.608849741163068e-06	5.608849741163068e-06	5.608849741163068e-06	0.9998766053056938	5.608849741163068e-06	5.608849741163068e-06	5.608849741163068e-06	5.608849741163068e-06	5.608849741163068e-06	5.608849741163068e-06	5.608849741163068e-06	5.608849741163068e-06	5.608849741163068e-06	5.608849741163068e-06	5.608849741163068e-06	5.608849741163068e-06	5.608849741163068e-06	5.608849741163068e-06	5.608849741163068e-06	5.608849741163068e-06	5.608849741163068e-06
12.0	0.043478260869565216	0.043478260869565216	0.043478260869565216	0.043478260869565216	0.043478260869565216	0.043478260869565216	0.043478260869565216	0.043478260869565216	0.043478260869565216	0.043478260869565216	0.043478260869565216	0.043478260869565216	0.043478260869565216	0.043478260869565216	0.043478260869565216	0.043478260869565216	0.043478260869565216	0.043478260869565216	0.043478260869565216	0.043478260869565216	0.043478260869565216	0.043478260869565216	0.043478260869565216
13.0	0.043478260869565216	0.043478260869565216	0.043478260869565216	0.043478260869565216	0.043478260869565216	0.043478260869565216	0.043478260869565216	0.043478260869565216	0.043478260869565216	0.043478260869565216	0.043478260869565216	0.043478260869565216	0.043478260869565216	0.043478260869565216	0.043478260869565216	0.043478260869565216	0.043478260869565216	0.043478260869565216	0.043478260869565216	0.043478260869565216	0.043478260869565216	0.043478260869565216	0.043478260869565216
14.0	0.043478260869565216	0.043478260869565216	0.043478260869565216	0.043478260869565216	0.043478260869565216	0.043478260869565216	0.043478260869565216	0.043478260869565216	0.043478260869565216	0.043478260869565216	0.043478260869565216	0.043478260869565216	0.043478260869565216	0.043478260869565216	0.043478260869565216	0.043478260869565216	0.043478260869565216	0.043478260869565216	0.043478260869565216	0.043478260869565216	0.043478260869565216	0.043478260869565216	0.043478260869565216
15.0	0.043478260869565216	0.043478260869565216	0.043478260869565216	0.043478260869565216	0.043478260869565216	0.043478260869565216	0.043478260869565216	0.043478260869565216	0.043478260869565216	0.043478260869565216	0.043478260869565216	0.043478260869565216	0.043478260869565216	0.043478260869565216	0.043478260869565216	0.043478260869565216	0.043478260869565216	0.043478260869565216	0.043478260869565216	0.043478260869565216	0.043478260869565216	0.043478260869565216	0.043478260869565216
16.0	0.043478260869565216	0.043478260869565216	0.043478260869565216	0.043478260869565216	0.043478260869565216	0.043478260869565216	0.043478260869565216	0.043478260869565216	0.043478260869565216	0.043478260869565216	0.043478260869565216	0.043478260869565216	0.043478260869565216	0.043478260869565216	0.043478260869565216	0.043478260869565216	0.043478260869565216	0.043478260869565216	0.043478260869565216	0.043478260869565216	0.043478260869565216	0.043478260869565216	0.043478260869565216
17.0	9.997900440907408e-06	9.997900440907408e-06	9.997900440907408e-06	9.997900440907408e-06	9.997900440907408e-06	9.997900440907408e-06	9.997900440907408e-06	9.997900440907408e-06	9.997900440907408e-06	9.997900440907408e-06	9.997900440907408e-06	9.997900440907408e-06	9.997900440907408e-06	9.997900440907408e-06	9.997900440907408e-06	9.997900440907408e-06	0.1600335875710401	0.8397564565197005	9.997900440907408e-06	9.997900440907408e-06	9.997900440907408e-06	9.997900440907408e-06	9.997900440907408e-06
18.0	0.043478260869565216	0.043478260869565216	0.043478260869565216	0.043478260869565216	0.043478260869565216	0.043478260869565216	0.043478260869565216	0.043478260869565216	0.043478260869565216	0.043478260869565216	0.043478260869565216	0.043478260869565216	0.043478260869565216	0.043478260869565216	0.043478260869565216	0.043478260869565216	0.043478260869565216	0.043478260869565216	0.043478260869565216	0.043478260869565216	0.043478260869565216	0.043478260869565216	0.043478260869565216
19.0	0.043478260869565216	0.043478260869565216	0.043478260869565216	0.043478260869565216	0.043478260869565216	0.043478260869565216	0.043478260869565216	0.043478260869565216	0.043478260869565216	0.043478260869565216	0.043478260869565216	0.043478260869565216	0.043478260869565216	0.043478260869565216	0.043478260869565216	0.043478260869565216	0.043478260869565216	0.043478260869565216	0.043478260869565216	0.043478260869565216	0.043478260869565216	0.043478260869565216	0.043478260869565216
20.0	9.997800483893544e-06	9.997800483893544e-06	9.997800483893544e-06	9.997800483893544e-06	9.997800483893544e-06	9.997800483893544e-06	9.997800483893544e-06	9.997800483893544e-06	9.997800483893544e-06	9.997800483893544e-06	9.997800483893544e-06	9.997800483893544e-06	9.997800483893544e-06	9.997800483893544e-06	9.997800483893544e-06	9.997800483893544e-06	9.997800483893544e-06	9.997800483893544e-06	9.997800483893544e-06	0.9997800483893542	9.997800483893544e-06	9.997800483893544e-06	9.997800483893544e-06
21.0	0.043478260869565216	0.043478260869565216	0.043478260869565216	0.043478260869565216	0.043478260869565216	0.043478260869565216	0.043478260869565216	0.043478260869565216	0.043478260869565216	0.043478260869565216	0.043478260869565216	0.043478260869565216	0.043478260869565216	0.043478260869565216	0.043478260869565216	0.043478260869565216	0.043478260869565216	0.043478260869565216	0.043478260869565216	0.043478260869565216	0.043478260869565216	0.043478260869565216	0.043478260869565216
22.0	0.043478260869565216	0.043478260869565216	0.043478260869565216	0.043478260869565216	0.043478260869565216	0.043478260869565216	0.043478260869565216	0.043478260869565216	0.043478260869565216	0.043478260869565216	0.043478260869565216	0.043478260869565216	0.043478260869565216	0.043478260869565216	0.043478260869565216	0.043478260869565216	0.043478260869565216	0.043478260869565216	0.043478260869565216	0.043478260869565216	0.043478260869565216	0.043478260869565216	0.043478260869565216
23.0	0.043478260869565216	0.043478260869565216	0.043478260869565216	0.043478260869565216	0.043478260869565216	0.043478260869565216	0.043478260869565216	0.043478260869565216	0.043478260869565216	0.043478260869565216	0.043478260869565216	0.043478260869565216	0.043478260869565216	0.043478260869565216	0.043478260869565216	0.043478260869565216	0.043478260869565216	0.043478260869565216	0.043478260869565216	0.043478260869565216	0.043478260869565216	0.043478260869565216	0.043478260869565216
