	(7-8)-1.0	(7-8)-2.0	(7-8)-3.0	(7-8)-4.0	(7-8)-5.0	(7-8)-6.0	(7-8)-7.0	(7-8)-8.0	(7-8)-9.0	(7-8)-10.0	(7-8)-11.0	(7-8)-12.0	(7-8)-13.0	(7-8)-14.0	(7-8)-15.0	(7-8)-16.0	(7-8)-17.0	(7-8)-18.0	(7-8)-19.0
1.0	0.052631578947368425	0.052631578947368425	0.052631578947368425	0.052631578947368425	0.052631578947368425	0.052631578947368425	0.052631578947368425	0.052631578947368425	0.052631578947368425	0.052631578947368425	0.052631578947368425	0.052631578947368425	0.052631578947368425	0.052631578947368425	0.052631578947368425	0.052631578947368425	0.052631578947368425	0.052631578947368425	0.052631578947368425
2.0	9.998200323941684e-06	9.998200323941684e-06	9.998200323941684e-06	9.998200323941684e-06	9.998200323941684e-06	9.998200323941684e-06	9.998200323941684e-06	9.998200323941684e-06	0.9998200323941683	9.998200323941684e-06	9.998200323941684e-06	9.998200323941684e-06	9.998200323941684e-06	9.998200323941684e-06	9.998200323941684e-06	9.998200323941684e-06	9.998200323941684e-06	9.998200323941684e-06	9.998200323941684e-06
3.0	9.998200323941681e-06	9.998200323941681e-06	0.9998200323941681	9.998200323941681e-06	9.998200323941681e-06	9.998200323941681e-06	9.998200323941681e-06	9.998200323941681e-06	9.998200323941681e-06	9.998200323941681e-06	9.998200323941681e-06	9.998200323941681e-06	9.998200323941681e-06	9.998200323941681e-06	9.998200323941681e-06	9.998200323941681e-06	9.998200323941681e-06	9.998200323941681e-06	9.998200323941681e-06
4.0	4.999550040496352e-06	4.999550040496352e-06	4.999550040496352e-06	0.9999100080992704	4.999550040496352e-06	4.999550040496352e-06	4.999550040496352e-06	4.999550040496352e-06	4.999550040496352e-06	4.999550040496352e-06	4.999550040496352e-06	4.999550040496352e-06	4.999550040496352e-06	4.999550040496352e-06	4.999550040496352e-06	4.999550040496352e-06	4.999550040496352e-06	4.999550040496352e-06	4.999550040496352e-06
5.0	0.052631578947368425	0.052631578947368425	0.052631578947368425	0.052631578947368425	0.052631578947368425	0.052631578947368425	0.052631578947368425	0.052631578947368425	0.052631578947368425	0.052631578947368425	0.052631578947368425	0.052631578947368425	0.052631578947368425	0.052631578947368425	0.052631578947368425	0.052631578947368425	0.052631578947368425	0.052631578947368425	0.052631578947368425
6.0	0.052631578947368425	0.052631578947368425	0.052631578947368425	0.052631578947368425	0.052631578947368425	0.052631578947368425	0.052631578947368425	0.052631578947368425	0.052631578947368425	0.052631578947368425	0.052631578947368425	0.052631578947368425	0.052631578947368425	0.052631578947368425	0.052631578947368425	0.052631578947368425	0.052631578947368425	0.052631578947368425	0.052631578947368425
7.0	0.052631578947368425	0.052631578947368425	0.052631578947368425	0.052631578947368425	0.052631578947368425	0.052631578947368425	0.052631578947368425	0.052631578947368425	0.052631578947368425	0.052631578947368425	0.052631578947368425	0.052631578947368425	0.052631578947368425	0.052631578947368425	0.052631578947368425	0.052631578947368425	0.052631578947368425	0.052631578947368425	0.052631578947368425
8.0	0.052631578947368425	0.052631578947368425	0.052631578947368425	0.052631578947368425	0.052631578947368425	0.052631578947368425	0.052631578947368425	0.052631578947368425	0.052631578947368425	0.052631578947368425	0.052631578947368425	0.052631578947368425	0.052631578947368425	0.052631578947368425	0.052631578947368425	0.052631578947368425	0.052631578947368425	0.052631578947368425	0.052631578947368425
9.0	5.296083387961407e-06	5.296083387961407e-06	5.296083387961407e-06	5.296083387961407e-06	5.296083387961407e-06	5.296083387961407e-06	5.296083387961407e-06	5.296083387961407e-06	0.9999046704990163	5.296083387961407e-06	5.296083387961407e-06	5.296083387961407e-06	5.296083387961407e-06	5.296083387961407e-06	5.296083387961407e-06	5.296083387961407e-06	5.296083387961407e-06	5.296083387961407e-06	5.296083387961407e-06
10.0	5.15092631373362e-06	5.15092631373362e-06	5.15092631373362e-06	5.15092631373362e-06	5.15092631373362e-06	5.15092631373362e-06	5.15092631373362e-06	5.15092631373362e-06	0.4848198028793044	0.5150926313733619	5.15092631373362e-06	5.15092631373362e-06	5.15092631373362e-06	5.15092631373362e-06	5.15092631373362e-06	5.15092631373362e-06	5.15092631373362e-06	5.15092631373362e-06	5.15092631373362e-06
11.0	0.052631578947368425	0.052631578947368425	0.052631578947368425	0.052631578947368425	0.052631578947368425	0.052631578947368425	0.052631578947368425	0.052631578947368425	0.052631578947368425	0.052631578947368425	0.052631578947368425	0.052631578947368425	0.052631578947368425	0.052631578947368425	0.052631578947368425	0.052631578947368425	0.052631578947368425	0.052631578947368425	0.052631578947368425
12.0	0.052631578947368425	0.052631578947368425	0.052631578947368425	0.052631578947368425	0.052631578947368425	0.052631578947368425	0.052631578947368425	0.052631578947368425	0.052631578947368425	0.052631578947368425	0.052631578947368425	0.052631578947368425	0.052631578947368425	0.052631578947368425	0.052631578947368425	0.052631578947368425	0.052631578947368425	0.052631578947368425	0.052631578947368425
13.0	0.052631578947368425	0.052631578947368425	0.052631578947368425	0.052631578947368425	0.052631578947368425	0.052631578947368425	0.052631578947368425	0.052631578947368425	0.052631578947368425	0.052631578947368425	0.052631578947368425	0.052631578947368425	0.052631578947368425	0.052631578947368425	0.052631578947368425	0.052631578947368425	0.052631578947368425	0.052631578947368425	0.052631578947368425
14.0	0.052631578947368425	0.052631578947368425	0.052631578947368425	0.052631578947368425	0.052631578947368425	0.052631578947368425	0.052631578947368425	0.052631578947368425	0.052631578947368425	0.052631578947368425	0.052631578947368425	0.052631578947368425	0.052631578947368425	0.052631578947368425	0.052631578947368425	0.052631578947368425	0.052631578947368425	0.052631578947368425	0.052631578947368425
15.0	5.8498748517115756e-05	5.8498748517115756e-05	5.8498748517115756e-05	5.8498748517115756e-05	5.8498748517115756e-05	5.8498748517115756e-05	5.8498748517115756e-05	5.8498748517115756e-05	0.9989470225266913	5.8498748517115756e-05	5.8498748517115756e-05	5.8498748517115756e-05	5.8498748517115756e-05	5.8498748517115756e-05	5.8498748517115756e-05	5.8498748517115756e-05	5.8498748517115756e-05	5.8498748517115756e-05	5.8498748517115756e-05
16.0	0.052631578947368425	0.052631578947368425	0.052631578947368425	0.052631578947368425	0.052631578947368425	0.052631578947368425	0.052631578947368425	0.052631578947368425	0.052631578947368425	0.052631578947368425	0.052631578947368425	0.052631578947368425	0.052631578947368425	0.052631578947368425	0.052631578947368425	0.052631578947368425	0.052631578947368425	0.052631578947368425	0.052631578947368425
17.0	0.052631578947368425	0.052631578947368425	0.052631578947368425	0.052631578947368425	0.052631578947368425	0.052631578947368425	0.052631578947368425	0.052631578947368425	0.052631578947368425	0.052631578947368425	0.052631578947368425	0.052631578947368425	0.052631578947368425	0.052631578947368425	0.052631578947368425	0.052631578947368425	0.052631578947368425	0.052631578947368425	0.052631578947368425
18.0	0.052631578947368425	0.052631578947368425	0.052631578947368425	0.052631578947368425	0.052631578947368425	0.052631578947368425	0.052631578947368425	0.052631578947368425	0.052631578947368425	0.052631578947368425	0.052631578947368425	0.052631578947368425	0.052631578947368425	0.052631578947368425	0.052631578947368425	0.052631578947368425	0.052631578947368425	0.052631578947368425	0.052631578947368425
19.0	0.052631578947368425	0.052631578947368425	0.052631578947368425	0.052631578947368425	0.052631578947368425	0.052631578947368425	0.052631578947368425	0.052631578947368425	0.052631578947368425	0.052631578947368425	0.052631578947368425	0.052631578947368425	0.052631578947368425	0.052631578947368425	0.052631578947368425	0.052631578947368425	0.052631578947368425	0.052631578947368425	0.052631578947368425
