	(23-24)-1.0	(23-24)-2.0	(23-24)-3.0	(23-24)-4.0	(23-24)-5.0	(23-24)-6.0	(23-24)-7.0	(23-24)-8.0	(23-24)-9.0	(23-24)-10.0	(23-24)-11.0	(23-24)-12.0	(23-24)-13.0	(23-24)-14.0	(23-24)-15.0	(23-24)-16.0	(23-24)-17.0
1.0	0.9998400255959036	9.998400255959037e-06	9.998400255959037e-06	9.998400255959037e-06	9.998400255959037e-06	9.998400255959037e-06	9.998400255959037e-06	9.998400255959037e-06	9.998400255959037e-06	9.998400255959037e-06	9.998400255959037e-06	9.998400255959037e-06	9.998400255959037e-06	9.998400255959037e-06	9.998400255959037e-06	9.998400255959037e-06	9.998400255959037e-06
2.0	0.058823529411764705	0.058823529411764705	0.058823529411764705	0.058823529411764705	0.058823529411764705	0.058823529411764705	0.058823529411764705	0.058823529411764705	0.058823529411764705	0.058823529411764705	0.058823529411764705	0.058823529411764705	0.058823529411764705	0.058823529411764705	0.058823529411764705	0.058823529411764705	0.058823529411764705
3.0	0.058823529411764705	0.058823529411764705	0.058823529411764705	0.058823529411764705	0.058823529411764705	0.058823529411764705	0.058823529411764705	0.058823529411764705	0.058823529411764705	0.058823529411764705	0.058823529411764705	0.058823529411764705	0.058823529411764705	0.058823529411764705	0.058823529411764705	0.058823529411764705	0.058823529411764705
4.0	0.058823529411764705	0.058823529411764705	0.058823529411764705	0.058823529411764705	0.058823529411764705	0.058823529411764705	0.058823529411764705	0.058823529411764705	0.058823529411764705	0.058823529411764705	0.058823529411764705	0.058823529411764705	0.058823529411764705	0.058823529411764705	0.058823529411764705	0.058823529411764705	0.058823529411764705
5.0	0.058823529411764705	0.058823529411764705	0.058823529411764705	0.058823529411764705	0.058823529411764705	0.058823529411764705	0.058823529411764705	0.058823529411764705	0.058823529411764705	0.058823529411764705	0.058823529411764705	0.058823529411764705	0.058823529411764705	0.058823529411764705	0.058823529411764705	0.058823529411764705	0.058823529411764705
6.0	0.058823529411764705	0.058823529411764705	0.058823529411764705	0.058823529411764705	0.058823529411764705	0.058823529411764705	0.058823529411764705	0.058823529411764705	0.058823529411764705	0.058823529411764705	0.058823529411764705	0.058823529411764705	0.058823529411764705	0.058823529411764705	0.058823529411764705	0.058823529411764705	0.058823529411764705
7.0	0.058823529411764705	0.058823529411764705	0.058823529411764705	0.058823529411764705	0.058823529411764705	0.058823529411764705	0.058823529411764705	0.058823529411764705	0.058823529411764705	0.058823529411764705	0.058823529411764705	0.058823529411764705	0.058823529411764705	0.058823529411764705	0.058823529411764705	0.058823529411764705	0.058823529411764705
8.0	0.058823529411764705	0.058823529411764705	0.058823529411764705	0.058823529411764705	0.058823529411764705	0.058823529411764705	0.058823529411764705	0.058823529411764705	0.058823529411764705	0.058823529411764705	0.058823529411764705	0.058823529411764705	0.058823529411764705	0.058823529411764705	0.058823529411764705	0.058823529411764705	0.058823529411764705
9.0	0.058823529411764705	0.058823529411764705	0.058823529411764705	0.058823529411764705	0.058823529411764705	0.058823529411764705	0.058823529411764705	0.058823529411764705	0.058823529411764705	0.058823529411764705	0.058823529411764705	0.058823529411764705	0.058823529411764705	0.058823529411764705	0.058823529411764705	0.058823529411764705	0.058823529411764705
10.0	0.058823529411764705	0.058823529411764705	0.058823529411764705	0.058823529411764705	0.058823529411764705	0.058823529411764705	0.058823529411764705	0.058823529411764705	0.058823529411764705	0.058823529411764705	0.058823529411764705	0.058823529411764705	0.058823529411764705	0.058823529411764705	0.058823529411764705	0.058823529411764705	0.058823529411764705
11.0	0.058823529411764705	0.058823529411764705	0.058823529411764705	0.058823529411764705	0.058823529411764705	0.058823529411764705	0.058823529411764705	0.058823529411764705	0.058823529411764705	0.058823529411764705	0.058823529411764705	0.058823529411764705	0.058823529411764705	0.058823529411764705	0.058823529411764705	0.058823529411764705	0.058823529411764705
12.0	0.058823529411764705	0.058823529411764705	0.058823529411764705	0.058823529411764705	0.058823529411764705	0.058823529411764705	0.058823529411764705	0.058823529411764705	0.058823529411764705	0.058823529411764705	0.058823529411764705	0.058823529411764705	0.058823529411764705	0.058823529411764705	0.058823529411764705	0.058823529411764705	0.058823529411764705
13.0	2.3190336223459674e-05	2.3190336223459674e-05	2.3190336223459674e-05	2.3190336223459674e-05	2.3190336223459674e-05	2.3190336223459674e-05	2.3190336223459674e-05	2.3190336223459674e-05	2.3190336223459674e-05	2.3190336223459674e-05	2.3190336223459674e-05	2.3190336223459674e-05	2.3190336223459674e-05	0.9996289546204246	2.3190336223459674e-05	2.3190336223459674e-05	2.3190336223459674e-05
14.0	1.7571422169073217e-05	1.7571422169073217e-05	1.7571422169073217e-05	1.7571422169073217e-05	1.7571422169073217e-05	1.7571422169073217e-05	1.7571422169073217e-05	1.7571422169073217e-05	1.7571422169073217e-05	1.7571422169073217e-05	1.7571422169073217e-05	1.7571422169073217e-05	1.7571422169073217e-05	0.9997188572452951	1.7571422169073217e-05	1.7571422169073217e-05	1.7571422169073217e-05
15.0	0.058823529411764705	0.058823529411764705	0.058823529411764705	0.058823529411764705	0.058823529411764705	0.058823529411764705	0.058823529411764705	0.058823529411764705	0.058823529411764705	0.058823529411764705	0.058823529411764705	0.058823529411764705	0.058823529411764705	0.058823529411764705	0.058823529411764705	0.058823529411764705	0.058823529411764705
16.0	0.058823529411764705	0.058823529411764705	0.058823529411764705	0.058823529411764705	0.058823529411764705	0.058823529411764705	0.058823529411764705	0.058823529411764705	0.058823529411764705	0.058823529411764705	0.058823529411764705	0.058823529411764705	0.058823529411764705	0.058823529411764705	0.058823529411764705	0.058823529411764705	0.058823529411764705
17.0	0.058823529411764705	0.058823529411764705	0.058823529411764705	0.058823529411764705	0.058823529411764705	0.058823529411764705	0.058823529411764705	0.058823529411764705	0.058823529411764705	0.058823529411764705	0.058823529411764705	0.058823529411764705	0.058823529411764705	0.058823529411764705	0.058823529411764705	0.058823529411764705	0.058823529411764705
